0 0.0180496 5.45349e-05 0.00605591 0.00147629 2.09084e-05 -4.81584e-07 0.00905205
0 0.0694649 0.00081792 0.0237454 0.00149568 2.22224e-05 -5.07689e-07 0.0351414
0 0.127456 0.00279338 0.0445 0.00151053 2.32543e-05 -5.28268e-07 0.0651246
0 0.184325 0.00592631 0.0657094 0.00478419 2.46778e-05 -1.01683e-06 0.0951256
0 0.240111 0.0102006 0.0873678 0.0113925 2.53669e-05 -1.25888e-06 0.125156
0 0.294658 0.0155805 0.109386 0.021341 2.56583e-05 -1.46815e-06 0.155119
0 0.3482 0.0220661 0.13183 0.0346277 2.57601e-05 -1.70884e-06 0.185133
0 0.40061 0.0296208 0.154613 0.0495397 1.35568e-05 0.00144716 0.215115
0 0.451897 0.0382188 0.1777 0.0653675 5.21966e-05 0.0061619 0.245058
0 0.502715 0.0479643 0.201358 0.084479 0.000391199 0.00997542 0.27534
0 0.551649 0.0585511 0.224877 0.106927 0.00098474 0.0134532 0.3051
0 0.599995 0.0702186 0.248824 0.132716 0.00178766 0.0171431 0.335107
0 0.647638 0.0829396 0.273108 0.161851 0.00280151 0.0210622 0.365289
0 0.693733 0.0964511 0.29724 0.194335 0.00401853 0.0252108 0.395092
0 0.739247 0.111002 0.321667 0.230172 0.00547128 0.0294886 0.425124
0 0.783742 0.126434 0.346102 0.26936 0.0071368 0.0339789 0.455088
0 0.827408 0.142787 0.370591 0.26936 0.0071368 0.0339789 0.485097
0 0.870177 0.160008 0.395037 0.311902 0.00905061 0.0386672 0.515093
0 0.912109 0.178094 0.419416 0.357787 0.0111686 0.0437339 0.545101
0 0.95356 0.197187 0.443878 0.407027 0.0135398 0.049248 0.575373
0 0.993431 0.216733 0.46771 0.458548 0.0161073 0.0556186 0.605082
0 1.03295 0.237287 0.49158 0.511091 0.0189928 0.0653687 0.635116
0 1.07164 0.258598 0.515156 0.563759 0.0222598 0.0811741 0.665121
0 1.10959 0.280667 0.538418 0.616574 0.026366 0.103428 0.695127
0 1.14675 0.303445 0.561295 0.669602 0.0315186 0.131514 0.725098
0 1.18316 0.326915 0.583753 0.7229 0.0382058 0.166 0.755039
0 1.21897 0.351144 0.605832 0.77655 0.0465949 0.206477 0.785058
0 1.25407 0.376023 0.627417 0.830627 0.0572356 0.253194 0.815046
0 1.28858 0.401615 0.648542 0.830627 0.0572356 0.253194 0.845099
0 1.3224 0.427795 0.669093 0.88435 0.0702657 0.304385 0.875095
0 1.35559 0.454589 0.68908 0.936999 0.0858299 0.357615 0.905089
0 1.38821 0.482003 0.708499 0.987943 0.10406 0.410918 0.935108
0 1.42025 0.509989 0.727307 1.03756 0.124978 0.464946 0.965122
0 1.45234 0.539091 0.745837 1.08503 0.148193 0.515844 0.995717
0 1.48259 0.567522 0.762981 1.13109 0.173772 0.566452 1.02506
0 1.51301 0.597104 0.779864 1.17551 0.201545 0.612165 1.05506
0 1.543 0.627257 0.796124 1.21863 0.231403 0.65696 1.08513
0 1.5724 0.657772 0.81165 1.26027 0.263141 0.697508 1.11509
0 1.60138 0.68877 0.826513 1.3007 0.296694 0.736771 1.14507
0 1.62994 0.720233 0.840706 1.33977 0.331852 0.772515 1.17509
0 1.65807 0.752092 0.854205 1.37772 0.368605 0.80666 1.20508
0 1.68578 0.78432 0.867006 1.41441 0.406704 0.837906 1.23505
0 1.71315 0.816977 0.87914 1.41441 0.406704 0.837906 1.26507
0 1.74021 0.850039 0.890602 1.45005 0.446135 0.867768 1.29513
0 1.76686 0.883347 0.901348 1.4849 0.487128 0.895853 1.3251
0 1.79342 0.91726 0.911494 1.51877 0.529316 0.922846 1.35534
0 1.81949 0.951232 0.920886 1.5516 0.572722 0.947097 1.38536
0 1.84502 0.985128 0.929515 1.58349 0.616985 0.970378 1.41507
0 1.87058 1.01966 0.937568 1.61446 0.662319 0.990972 1.44512
0 1.8958 1.0543 0.944923 1.64458 0.708322 1.01072 1.47505
0 1.92091 1.08928 0.951644 1.6739 0.755236 1.02791 1.5051
0 1.94608 1.12484 0.957965 1.70248 0.802685 1.04433 1.53546
0 1.97058 1.1599 0.963815 1.73039 0.850915 1.05846 1.56525
0 1.99491 1.19515 0.96933 1.75765 0.899564 1.07193 1.59507
0 2.01921 1.23076 0.97454 1.78437 0.948866 1.08348 1.62508
0 2.04335 1.26652 0.979417 1.78437 0.948866 1.08348 1.65512
0 2.06727 1.30231 0.983954 1.81056 0.998473 1.09461 1.6851
0 2.09103 1.33821 0.988168 1.83652 1.04905 1.10487 1.71511
0 2.11461 1.37414 0.992055 1.86204 1.09995 1.11488 1.7451
0 2.13803 1.41014 0.995622 1.88708 1.15124 1.12313 1.77511
0 2.16129 1.44614 0.998867 1.91172 1.20274 1.13097 1.80511
0 2.18435 1.48208 1.00179 1.93595 1.25447 1.13712 1.83507
0 2.20735 1.51816 1.00441 1.95989 1.30633 1.14288 1.86516
0 2.23011 1.55403 1.00669 1.98349 1.35828 1.14702 1.89511
0 2.2527 1.58983 1.00866 2.00687 1.41032 1.1508 1.92506
0 2.27538 1.62589 1.01033 2.02999 1.4623 1.15301 1.9553
0 2.2976 1.66136 1.01166 2.053 1.51431 1.15491 1.98512
0 2.31987 1.69698 1.01267 2.0758 1.56613 1.15531 2.01518
0 2.34186 1.73224 1.01335 2.09857 1.61792 1.15541 2.04505
0 2.36385 1.76753 1.0137 2.09857 1.61792 1.15541 2.07509
0 2.3857 1.80261 1.01372 2.12119 1.66937 1.15409 2.1051
0 2.40745 1.83751 1.01339 2.14386 1.72075 1.15249 2.13513
0 2.42905 1.87214 1.01272 2.16658 1.77202 1.15024 2.16512
0 2.45053 1.90652 1.0117 2.18942 1.82322 1.14781 2.19511
0 2.47191 1.94064 1.01031 2.21215 1.87385 1.14392 2.2251
0 2.49327 1.97461 1.00854 2.23504 1.92431 1.13975 2.25521
0 2.51439 2.00805 1.0064 2.25787 1.97405 1.13417 2.28512
0 2.5355 2.0413 1.00386 2.28093 2.02357 1.12833 2.31515
0 2.55651 2.07419 1.00091 2.30393 2.07222 1.12113 2.34516
0 2.5774 2.10668 0.997545 2.32723 2.12062 1.11366 2.37514
0 2.5982 2.13877 0.993742 2.35049 2.168 1.10487 2.4051
0 2.61894 2.17048 0.989482 2.37411 2.21507 1.0958 2.43509
0 2.63958 2.20174 0.984754 2.39768 2.26099 1.08543 2.46504
0 2.66017 2.23258 0.979526 2.42165 2.30655 1.07479 2.49503
0 2.68082 2.26314 0.973745 2.42165 2.30655 1.07479 2.52519
0 2.70124 2.29298 0.967467 2.44557 2.35083 1.06287 2.55512
0 2.72161 2.32234 0.960618 2.46993 2.39469 1.05067 2.58506
0 2.74201 2.35128 0.953141 2.49435 2.4374 1.03717 2.61512
0 2.76228 2.37958 0.945058 2.51926 2.47968 1.02346 2.64508
0 2.78255 2.40738 0.936291 2.54408 2.52053 1.00845 2.67509
0 2.80274 2.43454 0.926835 2.56938 2.56079 0.993 2.70505
0 2.82309 2.46137 0.916525 2.59453 2.59951 0.976223 2.73532
0 2.84307 2.48714 0.905594 2.62019 2.63757 0.958971 2.76509
0 2.86318 2.51246 0.893741 2.64565 2.67401 0.940381 2.79509
0 2.88325 2.53711 0.880992 2.67163 2.7097 0.921256 2.82508
0 2.90331 2.5611 0.867281 2.69735 2.74373 0.900754 2.85508
0 2.92334 2.58436 0.852563 2.69735 2.74373 0.900754 2.88506
0 2.94339 2.60694 0.836721 2.72358 2.77693 0.879661 2.91511
0 2.96355 2.62891 0.819612 2.7495 2.80843 0.857099 2.94533
0 2.98341 2.6498 0.801515 2.77593 2.83903 0.833885 2.97512
0 3.0034 2.67005 0.781997 2.80225 2.86821 0.807726 3.00509
0 3.02338 2.68951 0.761746 2.82912 2.89647 0.780679 3.03508
0 3.04339 2.7082 0.7411 2.85563 2.92293 0.752207 3.06508
0 3.06337 2.7261 0.720121 2.88264 2.94837 0.723055 3.09505
0 3.08341 2.74331 0.698742 2.90919 2.97196 0.693975 3.12511
0 3.10337 2.75972 0.677141 2.93616 2.99455 0.664347 3.15506
0 3.12339 2.77546 0.655202 2.96259 3.01539 0.635047 3.18508
0 3.14337 2.79046 0.633061 2.98936 3.03525 0.605196 3.21506
0 3.16338 2.80481 0.610679 3.01561 3.05348 0.575573 3.24507
0 3.18341 2.81849 0.588114 3.01561 3.05348 0.575573 3.27511
0 3.20343 2.83152 0.565419 3.04211 3.07075 0.545661 3.30514
0 3.22339 2.84387 0.542708 3.06843 3.08683 0.515091 3.33509
0 3.24339 2.85562 0.519926 3.09511 3.10203 0.484347 3.36508
0 3.26341 2.86678 0.497119 3.12138 3.11584 0.454058 3.39511
0 3.28352 2.8774 0.474261 3.14776 3.12876 0.423831 3.42529
0 3.3034 2.88733 0.451776 3.17366 3.14042 0.39423 3.4551
0 3.32342 2.89676 0.429294 3.19962 3.15124 0.364823 3.48512
0 3.34338 2.90563 0.407063 3.2251 3.16094 0.336088 3.51508
0 3.36342 2.91401 0.385012 3.25061 3.16985 0.307708 3.54513
0 3.38338 2.92185 0.363334 3.27569 3.17777 0.280083 3.57508
0 3.40339 2.92921 0.341962 3.30079 3.18495 0.252909 3.60508
0 3.42372 2.93621 0.320641 3.3255 3.19128 0.226752 3.63558
0 3.44337 2.94251 0.300454 3.35022 3.19694 0.201068 3.66506
0 3.46342 2.9485 0.280338 3.37461 3.20184 0.176539 3.69513
0 3.48339 2.95404 0.260805 3.37461 3.20184 0.176539 3.72509
0 3.50341 2.95918 0.241776 3.39897 3.20614 0.15249 3.75512
0 3.5234 2.96391 0.22336 3.42357 3.20988 0.129609 3.7851
0 3.5434 2.96827 0.205542 3.44827 3.21308 0.106978 3.81509
0 3.56338 2.97225 0.188379 3.47276 3.21566 0.0857058 3.84507
0 3.58341 2.9759 0.171833 3.49725 3.21773 0.0652068 3.87512
0 3.60336 2.9792 0.156042 3.52149 3.21926 0.0461425 3.90504
0 3.62336 2.98219 0.140919 3.54569 3.22034 0.0276631 3.93504
0 3.64336 2.98488 0.126511 3.56963 3.22095 0.0105491 3.96504
0 3.6634 2.98729 0.112819 3.59355 3.22116 -0.00592893 3.9951
0 3.68375 2.98946 0.0996847 3.61725 3.22096 -0.0209651 4.02562
0 3.70338 2.9913 0.087758 3.64091 3.22042 -0.03543 4.05507
0 3.72339 2.99295 0.0763618 3.64091 3.22042 -0.03543 4.08509
0 3.74347 2.99437 0.0657154 3.66437 3.21949 -0.0442325 4.1152
0 3.76348 2.99559 0.0558816 3.68767 3.21817 -0.0469938 4.14523
0 3.78344 2.99661 0.0468647 3.71087 3.21644 -0.0434822 4.17516
0 3.8034 2.99747 0.0386336 3.73402 3.2143 -0.0336438 4.20509
0 3.82359 2.99817 0.0311092 3.7572 3.21191 -0.017658 4.23539
0 3.8434 2.99872 0.0245188 3.7805 3.2104 0.00355717 4.2651
0 3.86342 2.99915 0.0186528 3.80405 3.21007 0.0296673 4.29513
0 3.88342 2.99947 0.0135897 3.82797 3.20985 0.0612467 4.32513
0 3.90342 2.9997 0.00932793 3.85168 3.2107 0.0851144 4.35513
0 3.92338 2.99985 0.00587073 3.87505 3.21214 0.102753 4.38507
0 3.9434 2.99994 0.00320387 3.89812 3.21402 0.113944 4.4151
0 3.96337 2.99998 0.00134159 3.92099 3.21634 0.118487 4.44506
0 3.98336 3 0.000276804 3.92099 3.21634 0.118487 4.47504
0 4.00337 3 -1.13787e-05 3.94369 3.21912 0.116293 4.50506
0 4.02336 3 -0.000545756 3.96628 3.22207 0.107607 4.53504
0 4.0434 2.99997 -0.00188351 3.98887 3.2254 0.0924018 4.5651
0 4.06355 2.99991 -0.00403836 4.01153 3.22908 0.0707474 4.59532
0 4.08342 2.99981 -0.00695883 4.03436 3.23311 0.0428437 4.62513
0 4.10337 2.99963 -0.0106855 4.05745 3.23681 0.00933887 4.65506
0 4.12339 2.99937 -0.0152234 4.08079 3.23816 -0.029413 4.68508
0 4.1434 2.99902 -0.0205601 4.10472 3.2385 -0.0732741 4.7151
0 4.16337 2.99855 -0.0266836 4.12855 3.23734 -0.107577 4.74506
0 4.18336 2.99795 -0.0336068 4.15205 3.23524 -0.134313 4.77503
0 4.20339 2.9972 -0.0413432 4.17515 3.23244 -0.154331 4.80508
0 4.22339 2.99628 -0.049863 4.19786 3.22903 -0.167635 4.83509
0 4.24338 2.99519 -0.0591649 4.22027 3.22523 -0.177461 4.86507
0 4.26354 2.9939 -0.0693404 4.24258 3.22121 -0.187096 4.89531
0 4.2834 2.99241 -0.0801418 4.24258 3.22121 -0.187096 4.9251
0 4.30353 2.99068 -0.0918708 4.2648 3.217 -0.197442 4.95529
0 4.3234 2.98873 -0.104206 4.28697 3.21256 -0.207858 4.98509
0 4.3434 2.9865 -0.117381 4.30958 3.20778 -0.221247 5.0151
0 4.36358 2.98398 -0.13143 4.3322 3.20265 -0.234784 5.04537
0 4.38356 2.98119 -0.146073 4.35475 3.19721 -0.249805 5.07534
0 4.40341 2.97812 -0.161322 4.37722 3.19142 -0.264903 5.10511
0 4.42343 2.97469 -0.177407 4.3996 3.1853 -0.281344 5.13514
0 4.44339 2.97094 -0.194118 4.42189 3.1788 -0.297848 5.16508
0 4.46369 2.96677 -0.211781 4.4441 3.17194 -0.315584 5.19553
0 4.48339 2.96235 -0.229547 4.4662 3.16468 -0.333374 5.22508
0 4.50338 2.95748 -0.248168 4.48826 3.157 -0.352342 5.25507
0 4.52339 2.95221 -0.26738 4.48826 3.157 -0.352342 5.28509
0 4.54341 2.94651 -0.287132 4.51019 3.1489 -0.371365 5.31511
0 4.56341 2.94039 -0.307368 4.53256 3.14017 -0.393178 5.34511
0 4.58338 2.93382 -0.328031 4.55482 3.13092 -0.415179 5.37506
0 4.60344 2.92676 -0.349211 4.57708 3.12109 -0.437994 5.40515
0 4.62342 2.91924 -0.370685 4.59914 3.11073 -0.460845 5.43513
0 4.64342 2.91121 -0.392512 4.62121 3.09975 -0.484213 5.46514
0 4.6634 2.90268 -0.414592 4.64305 3.08823 -0.507607 5.4951
0 4.6834 2.89361 -0.436936 4.66492 3.07604 -0.531338 5.52511
0 4.70356 2.88392 -0.459631 4.68655 3.06331 -0.555089 5.55533
0 4.72342 2.87381 -0.482137 4.70823 3.04984 -0.578997 5.58512
0 4.74348 2.86301 -0.504964 4.72963 3.03583 -0.602919 5.61522
0 4.76339 2.85171 -0.527647 4.75112 3.02102 -0.626817 5.64508
0 4.78339 2.83974 -0.550432 4.7723 3.00566 -0.650724 5.67508
0 4.80339 2.82715 -0.573159 4.79358 2.98945 -0.674419 5.70508
0 4.82371 2.81371 -0.596145 4.79358 2.98945 -0.674419 5.73556
0 4.84363 2.79986 -0.618548 4.81454 2.97268 -0.698115 5.76545
0 4.86352 2.78537 -0.64072 4.83604 2.95465 -0.72293 5.79528
0 4.88338 2.77021 -0.662652 4.85722 2.93597 -0.747807 5.82507
0 4.90337 2.75426 -0.684464 4.87852 2.91621 -0.771956 5.85505
0 4.92349 2.73748 -0.706132 4.89942 2.89587 -0.796081 5.88523
0 4.94339 2.72013 -0.727259 4.92046 2.87437 -0.819253 5.91509
0 4.96341 2.70193 -0.748157 4.94109 2.8523 -0.842387 5.94512
0 4.98341 2.68298 -0.768671 4.96186 2.829 -0.864492 5.97511
0 5.00341 2.66324 -0.78879 4.98221 2.80516 -0.886554 6.00512
0 5.02341 2.64272 -0.807868 5.00272 2.78002 -0.907523 6.03511
0 5.04343 2.62139 -0.825672 5.02279 2.75434 -0.928429 6.06513
0 5.06344 2.59933 -0.842244 5.02279 2.75434 -0.928429 6.09513
0 5.08345 2.57655 -0.857673 5.04299 2.72732 -0.947436 6.12511
0 5.10367 2.55282 -0.872167 5.06279 2.69977 -0.965551 6.15537
0 5.12355 2.52883 -0.885419 5.08319 2.67038 -0.982058 6.18509
0 5.14406 2.50341 -0.898111 5.10328 2.6403 -0.997572 6.21572
0 5.16376 2.47838 -0.909427 5.12355 2.60888 -1.01121 6.2451
0 5.18394 2.45217 -0.920177 5.14351 2.577 -1.02412 6.27514
0 5.20411 2.42539 -0.930125 5.16361 2.54389 -1.03519 6.30511
0 5.2243 2.39805 -0.939332 5.18344 2.51042 -1.04576 6.33505
0 5.24463 2.37 -0.947887 5.20344 2.4758 -1.05462 6.36513
0 5.26491 2.34152 -0.955747 5.22322 2.44089 -1.06311 6.39508
0 5.28527 2.31248 -0.962997 5.24316 2.40492 -1.07002 6.42505
0 5.30574 2.28284 -0.969676 5.26295 2.36871 -1.07664 6.45512
0 5.32618 2.25283 -0.975766 5.28291 2.33154 -1.08182 6.48504
0 5.34677 2.22222 -0.981347 5.28291 2.33154 -1.08182 6.51509
0 5.36741 2.19118 -0.986412 5.30276 2.29417 -1.08677 6.54512
0 5.3881 2.15975 -0.990982 5.3232 2.2552 -1.09104 6.5751
0 5.40883 2.12795 -0.995079 5.3436 2.21594 -1.09518 6.60504
0 5.4297 2.09567 -0.998738 5.36419 2.17586 -1.09808 6.63506
0 5.45068 2.06296 -1.00197 5.38473 2.13562 -1.10076 6.66512
0 5.47169 2.02999 -1.00477 5.40547 2.09469 -1.10227 6.6951
0 5.49277 1.99673 -1.00717 5.42621 2.05365 -1.10358 6.72503
0 5.51401 1.96304 -1.00919 5.44716 2.01202 -1.1038 6.75507
0 5.53532 1.9291 -1.01082 5.46815 1.97032 -1.10385 6.78507
0 5.55673 1.8949 -1.01209 5.48938 1.92812 -1.10289 6.81505
0 5.57826 1.86043 -1.01299 5.51069 1.88588 -1.10175 6.84504
0 5.59993 1.82567 -1.01354 5.51069 1.88588 -1.10175 6.87508
0 5.62171 1.79071 -1.01375 5.53225 1.84324 -1.09969 6.90511
0 5.64355 1.75564 -1.01362 5.55393 1.8006 -1.09744 6.93505
0 5.6656 1.72027 -1.01315 5.57626 1.75694 -1.095 6.96511
0 5.68772 1.68484 -1.01236 5.59877 1.71319 -1.09253 6.99508
0 5.71 1.64921 -1.01124 5.62155 1.66919 -1.08917 7.02511
0 5.73256 1.61325 -1.00978 5.6445 1.62523 -1.08562 7.05531
0 5.75497 1.57766 -1.00803 5.66771 1.58115 -1.08119 7.08513
0 5.77777 1.54159 -1.00594 5.69112 1.53716 -1.0766 7.11528
0 5.80047 1.50587 -1.00355 5.71481 1.49314 -1.07119 7.14509
0 5.82344 1.46992 -1.00084 5.73874 1.44924 -1.06562 7.17506
0 5.84659 1.43391 -0.997801 5.76295 1.40542 -1.05925 7.20507
0 5.86993 1.39788 -0.994443 5.78743 1.36175 -1.05273 7.23511
0 5.89373 1.36141 -0.990715 5.78743 1.36175 -1.05273 7.26552
0 5.917 1.32604 -0.986777 5.81218 1.31827 -1.04544 7.29506
0 5.94085 1.29013 -0.982449 5.83725 1.27496 -1.03801 7.32509
0 5.96479 1.25442 -0.977806 5.86298 1.23126 -1.03039 7.35503
0 5.98899 1.21869 -0.972814 5.8891 1.18768 -1.02272 7.38508
0 6.01333 1.18317 -0.967496 5.91547 1.14443 -1.01425 7.41505
0 6.03793 1.14768 -0.961819 5.9422 1.10141 -1.00564 7.44511
0 6.06263 1.11248 -0.955813 5.96916 1.05884 -0.996195 7.47507
0 6.08764 1.07731 -0.949421 5.9965 1.01655 -0.986632 7.50516
0 6.11278 1.04244 -0.942486 6.02407 0.974806 -0.976236 7.53517
0 6.13808 1.00791 -0.934909 6.05203 0.93338 -0.965731 7.56508
0 6.16386 0.973274 -0.92658 6.08023 0.892581 -0.953994 7.59529
0 6.18951 0.939431 -0.91771 6.10885 0.852139 -0.94204 7.62504
0 6.21572 0.905518 -0.90807 6.10885 0.852139 -0.94204 7.6551
0 6.24239 0.8717 -0.897679 6.13772 0.812374 -0.928714 7.68535
0 6.2689 0.838815 -0.886801 6.16709 0.773023 -0.915199 7.71504
0 6.29607 0.805884 -0.87511 6.19727 0.73371 -0.900189 7.74509
0 6.32352 0.773416 -0.862768 6.22808 0.694769 -0.884972 7.77505
0 6.3514 0.741271 -0.849716 6.25924 0.656583 -0.868304 7.80506
0 6.3797 0.709517 -0.83597 6.29101 0.618949 -0.851502 7.83509
0 6.40833 0.678277 -0.821581 6.32312 0.582166 -0.833256 7.86503
0 6.43749 0.647393 -0.806471 6.35586 0.546021 -0.814925 7.89505
0 6.46715 0.616938 -0.790664 6.38898 0.510755 -0.795231 7.92511
0 6.49716 0.587106 -0.774264 6.42274 0.476216 -0.775455 7.95503
0 6.52779 0.557658 -0.757137 6.42274 0.476216 -0.775455 7.98506
0 6.55918 0.52852 -0.739224 6.4569 0.442581 -0.754413 8.01533
0 6.59056 0.500421 -0.720989 6.49173 0.409749 -0.733277 8.04507
0 6.62284 0.472594 -0.701948 6.52789 0.377099 -0.710313 8.07512
0 6.65577 0.445299 -0.682266 6.56488 0.345186 -0.687181 8.10523
0 6.68906 0.418798 -0.662147 6.60245 0.314194 -0.662927 8.13513
0 6.72312 0.392811 -0.641394 6.64074 0.284136 -0.638606 8.16515
0 6.75767 0.367576 -0.620208 6.67957 0.255124 -0.613307 8.19505
0 6.79306 0.342874 -0.598417 6.7191 0.227134 -0.587941 8.22509
0 6.82903 0.318925 -0.576229 6.75921 0.200218 -0.561749 8.25505
0 6.8658 0.295619 -0.55356 6.8 0.174383 -0.535506 8.28509
0 6.9041 0.272568 -0.530012 6.84144 0.149632 -0.508614 8.31577
0 6.94147 0.251241 -0.507146 6.88353 0.126014 -0.481683 8.34512
0 6.98033 0.230245 -0.483533 6.92638 0.103466 -0.454286 8.37504
0 7.02013 0.209953 -0.459575 6.96985 0.0820919 -0.426868 8.40509
0 7.06061 0.190523 -0.435479 7.01409 0.0618295 -0.399242 8.43504
0 7.10204 0.171854 -0.411144 7.01409 0.0618295 -0.399242 8.4651
0 7.14441 0.153996 -0.386648 7.0589 0.0427903 -0.371601 8.49521
0 7.18731 0.137138 -0.362281 7.10462 0.0248521 -0.343947 8.52509
0 7.23158 0.120981 -0.337625 7.15087 0.00816509 -0.316294 8.5553
0 7.27606 0.10597 -0.313384 7.19992 -0.00795968 -0.287883 8.58505
0 7.32183 0.0917531 -0.289022 7.24976 -0.02284 -0.259442 8.61504
0 7.3686 0.0784649 -0.264757 7.30086 -0.0365224 -0.231494 8.64507
0 7.41632 0.0661435 -0.240663 7.35245 -0.0488073 -0.203578 8.67509
0 7.46514 0.0547827 -0.216726 7.40527 -0.0598182 -0.17639 8.70518
0 7.51461 0.0445017 -0.193205 7.45851 -0.0694072 -0.149286 8.73505
0 7.56533 0.0351938 -0.169855 7.5131 -0.0776953 -0.123034 8.76507
0 7.61716 0.0269224 -0.146797 7.5681 -0.0845657 -0.0971419 8.79512
0 7.66975 0.0197562 -0.124215 7.62452 -0.0901141 -0.0719911 8.82499
0 7.72465 0.0135375 -0.101497 7.62452 -0.0901141 -0.0719911 8.85555
0 7.77886 0.00861045 -0.0799064 7.68133 -0.0942578 -0.0473326 8.88512
0 7.83565 0.00468781 -0.0581616 7.74138 -0.0971766 -0.0226313 8.91548
0 7.89219 0.00198889 -0.0373719 7.8027 -0.0986348 0.00209101 8.9451
0 7.95062 0.000411329 -0.0167578 7.86601 -0.0985432 0.0256781 8.9751
