0 0.0202197 6.84728e-05 0.00678935 0.00147629 2.09084e-05 -4.81584e-07 0.0101441
0 0.0791254 0.00106376 0.027143 0.00149568 2.22224e-05 -5.07689e-07 0.0400946
0 0.137009 0.0032355 0.0480026 0.00477564 2.38669e-05 -9.97787e-07 0.0701221
0 0.193683 0.00655888 0.0692828 0.0113917 2.47317e-05 -1.23996e-06 0.100121
0 0.249134 0.0110073 0.0909521 0.021349 2.51638e-05 -1.4491e-06 0.130071
0 0.303652 0.0165851 0.113098 0.0346455 2.53762e-05 -1.68813e-06 0.160118
0 0.356928 0.0232401 0.135568 0.0346455 2.53762e-05 -1.68813e-06 0.190084
0 0.40935 0.0310004 0.158492 0.0495051 1.20678e-05 0.00160972 0.220175
0 0.460464 0.0397746 0.181633 0.0652748 5.26375e-05 0.00650623 0.250119
0 0.511033 0.0496792 0.205304 0.0843287 0.000409154 0.0105108 0.280356
0 0.559737 0.060418 0.228834 0.10672 0.00103363 0.014144 0.310078
0 0.608474 0.0723923 0.253096 0.132454 0.00187754 0.0179907 0.340433
0 0.655101 0.0850456 0.276973 0.161536 0.00294178 0.0220702 0.370073
0 0.701348 0.0988008 0.301286 0.193967 0.00421754 0.0263871 0.400075
0 0.746661 0.113489 0.325701 0.229753 0.00573929 0.0308294 0.430075
0 0.791046 0.129085 0.350164 0.268892 0.00748197 0.0354932 0.460066
0 0.83458 0.14559 0.374659 0.311387 0.00948347 0.0403538 0.490085
0 0.877183 0.162946 0.399083 0.357225 0.0116967 0.045607 0.520065
0 0.918945 0.181159 0.423426 0.40642 0.0141734 0.0513175 0.550052
0 0.959893 0.200213 0.447645 0.40642 0.0141734 0.0513175 0.580053
0 1.00017 0.220153 0.471764 0.458003 0.0168539 0.0578489 0.610161
0 1.03942 0.240768 0.49551 0.51062 0.0198609 0.0677323 0.640092
0 1.07799 0.262204 0.519035 0.563365 0.023255 0.0836797 0.670095
0 1.11577 0.284374 0.542217 0.616261 0.0274992 0.106113 0.70007
0 1.15285 0.307295 0.565054 0.669371 0.0328003 0.134382 0.730071
0 1.18922 0.330933 0.587489 0.722756 0.0396507 0.169071 0.760076
0 1.22496 0.355305 0.609518 0.776495 0.0482184 0.209769 0.790131
0 1.25986 0.380237 0.630969 0.830665 0.0590577 0.256727 0.820048
0 1.29421 0.405893 0.651972 0.884439 0.0723026 0.308023 0.850051
0 1.32792 0.432181 0.672435 0.937143 0.0880854 0.361336 0.880052
0 1.36103 0.459083 0.692333 0.987697 0.10653 0.413565 0.910055
0 1.39358 0.48662 0.711671 1.03691 0.127533 0.466275 0.940102
0 1.42546 0.51464 0.730338 1.08401 0.150693 0.515752 0.970052
0 1.45686 0.543275 0.748418 1.08401 0.150693 0.515752 1.00007
0 1.48776 0.572479 0.765876 1.12974 0.176122 0.564937 1.03012
0 1.51805 0.602103 0.782625 1.17422 0.203861 0.610659 1.06008
0 1.54793 0.632304 0.798755 1.21743 0.233702 0.655637 1.09012
0 1.57732 0.66297 0.814205 1.2592 0.265446 0.696389 1.12015
0 1.60616 0.693979 0.828924 1.29974 0.299011 0.735886 1.15007
0 1.63465 0.725505 0.842999 1.33894 0.334194 0.771819 1.18008
0 1.66274 0.757463 0.856397 1.377 0.370983 0.806159 1.2101
0 1.69038 0.789751 0.869081 1.4138 0.409138 0.837543 1.24006
0 1.71773 0.822517 0.881117 1.4138 0.409138 0.837543 1.27012
0 1.74469 0.855589 0.892447 1.44953 0.448635 0.867564 1.30014
0 1.77129 0.88896 0.903081 1.48411 0.48932 0.894812 1.33013
0 1.79762 0.922693 0.913048 1.51771 0.5311 0.920943 1.36016
0 1.82365 0.956713 0.922331 1.55061 0.574368 0.945131 1.39018
0 1.84931 0.990894 0.93091 1.58263 0.618618 0.968545 1.4201
0 1.87481 1.02543 0.938843 1.61373 0.66396 0.989347 1.45012
0 1.90006 1.06019 0.946104 1.64398 0.709989 1.00928 1.48012
0 1.92505 1.09509 0.952704 1.67343 0.756948 1.02661 1.51007
0 1.94989 1.13027 0.958895 1.70213 0.804442 1.04318 1.54008
0 1.97456 1.16564 0.964738 1.73015 0.852728 1.05747 1.57011
0 1.99898 1.20109 0.970224 1.75752 0.901435 1.07111 1.60009
0 2.02326 1.23674 0.975379 1.78432 0.950798 1.08283 1.63011
0 2.04736 1.2725 0.980199 1.81058 1.00047 1.09412 1.66013
0 2.07121 1.30824 0.984674 1.81058 1.00047 1.09412 1.69006
0 2.0952 1.34455 0.988878 1.83635 1.05064 1.10361 1.72041
0 2.11855 1.38018 0.992675 1.86167 1.10104 1.11271 1.75014
0 2.14194 1.41617 0.996188 1.88682 1.15226 1.12102 1.78014
0 2.16517 1.45218 0.99938 1.91161 1.20374 1.1291 1.81015
0 2.18824 1.48817 1.00225 1.93597 1.25547 1.13546 1.84015
0 2.21113 1.5241 1.00481 1.96001 1.30736 1.1414 1.87012
0 2.23389 1.56002 1.00705 1.98371 1.35933 1.14573 1.90012
0 2.25648 1.59583 1.00896 2.00719 1.41138 1.1497 1.93009
0 2.279 1.63167 1.01057 2.0304 1.46339 1.15209 1.96014
0 2.30131 1.66728 1.01185 2.05347 1.51542 1.15416 1.99011
0 2.32372 1.70316 1.01281 2.05347 1.51542 1.15416 2.0204
0 2.34559 1.73823 1.01343 2.07633 1.56727 1.1547 2.05013
0 2.36755 1.77347 1.01373 2.09915 1.61909 1.15495 2.08016
0 2.38935 1.80847 1.01369 2.12198 1.67096 1.15453 2.11013
0 2.41102 1.84325 1.01331 2.14484 1.72282 1.15391 2.14008
0 2.43266 1.87792 1.01258 2.16755 1.77424 1.15175 2.17015
0 2.4541 1.91222 1.01149 2.19035 1.82556 1.1493 2.2001
0 2.47546 1.94628 1.01004 2.21303 1.87629 1.14539 2.23009
0 2.49672 1.98008 1.00822 2.23588 1.92685 1.14121 2.26009
0 2.51799 2.01373 1.006 2.25866 1.97669 1.1356 2.29023
0 2.53898 2.04677 1.0034 2.28168 2.02632 1.12973 2.32012
0 2.55998 2.0796 1.00038 2.30464 2.07507 1.12248 2.35013
0 2.58087 2.11204 0.996943 2.32791 2.12357 1.11495 2.38012
0 2.60168 2.1441 0.993062 2.32791 2.12357 1.11495 2.41012
0 2.62242 2.17577 0.98872 2.35114 2.17105 1.10608 2.44013
0 2.64307 2.20699 0.983905 2.37472 2.21821 1.09694 2.47011
0 2.66368 2.23781 0.978582 2.39841 2.26449 1.08674 2.50015
0 2.68417 2.26807 0.972755 2.42252 2.31045 1.07633 2.53009
0 2.70462 2.29789 0.966372 2.44657 2.35514 1.06451 2.56008
0 2.72504 2.32724 0.959405 2.47106 2.39942 1.05236 2.59011
0 2.74542 2.35609 0.951825 2.49548 2.44234 1.03881 2.62017
0 2.76572 2.38433 0.943622 2.52036 2.48475 1.02489 2.65016
0 2.78609 2.41218 0.934685 2.54515 2.52569 1.00964 2.68035
0 2.80611 2.43903 0.925179 2.57044 2.56603 0.993928 2.71007
0 2.82633 2.46559 0.914808 2.59558 2.60483 0.976888 2.74014
0 2.84643 2.4914 0.903679 2.62124 2.64294 0.959353 2.77009
0 2.86656 2.51666 0.891656 2.64671 2.67943 0.940475 2.80014
0 2.88659 2.54115 0.878778 2.67271 2.71516 0.921054 2.83007
0 2.90686 2.56527 0.864749 2.67271 2.71516 0.921054 2.86039
0 2.92673 2.58823 0.849958 2.69845 2.74921 0.900241 2.89015
0 2.94693 2.61086 0.833805 2.72472 2.78242 0.878831 2.92041
0 2.96677 2.63235 0.816763 2.75091 2.8142 0.854913 2.95016
0 2.98677 2.65326 0.798329 2.77767 2.84508 0.830155 2.98015
0 3.00673 2.67335 0.778643 2.80411 2.8742 0.803549 3.0101
0 3.02674 2.6927 0.758306 2.8311 2.90235 0.776196 3.04011
0 3.04674 2.71126 0.737601 2.85768 2.92865 0.747624 3.07011
0 3.06673 2.72904 0.716558 2.88476 2.95391 0.718382 3.10009
0 3.08671 2.74608 0.695186 2.91136 2.97733 0.68923 3.13007
0 3.10672 2.7624 0.67349 2.93837 2.99974 0.659518 3.16008
0 3.12674 2.77802 0.651505 2.96485 3.02041 0.63015 3.19011
0 3.14674 2.79293 0.629302 2.96485 3.02041 0.63015 3.22012
0 3.16675 2.80716 0.606895 2.99165 3.04008 0.600228 3.25012
0 3.18692 2.82082 0.584138 3.0183 3.05845 0.569641 3.28038
0 3.20676 2.83362 0.561639 3.04533 3.07587 0.538661 3.31014
0 3.22673 2.84587 0.53891 3.07195 3.09179 0.507976 3.34009
0 3.24672 2.85752 0.516129 3.09873 3.10676 0.477254 3.37008
0 3.26675 2.86859 0.493318 3.12503 3.12034 0.447157 3.40012
0 3.28674 2.87904 0.470619 3.1514 3.13303 0.417051 3.4301
0 3.30675 2.88894 0.448 3.17729 3.14447 0.387584 3.46013
0 3.32675 2.89828 0.42557 3.20322 3.15508 0.358299 3.49012
0 3.34672 2.90707 0.403373 3.22868 3.16458 0.32969 3.52008
0 3.36671 2.91534 0.381413 3.25417 3.17329 0.301446 3.55007
0 3.38674 2.92312 0.359719 3.25417 3.17329 0.301446 3.58012
0 3.40674 2.9304 0.338413 3.27923 3.18103 0.273972 3.61012
0 3.42673 2.9372 0.317517 3.30431 3.18803 0.24695 3.6401
0 3.44672 2.94354 0.297056 3.32951 3.19433 0.220636 3.67009
0 3.46675 2.94946 0.277043 3.35485 3.19999 0.19448 3.70013
0 3.48672 2.95493 0.2576 3.37989 3.20486 0.169562 3.73008
0 3.50675 2.96 0.23866 3.4049 3.20911 0.145136 3.76012
0 3.52671 2.96466 0.220364 3.42961 3.21266 0.122163 3.79007
0 3.54672 2.96896 0.202644 3.4543 3.21566 0.0998394 3.82008
0 3.56675 2.97289 0.18555 3.47871 3.21805 0.0789494 3.85012
0 3.58674 2.97647 0.169154 3.50311 3.21994 0.0587925 3.88011
0 3.60672 2.97972 0.153453 3.52725 3.22131 0.0400514 3.91008
0 3.62674 2.98267 0.138432 3.55135 3.22224 0.0218843 3.94011
0 3.64673 2.9853 0.124157 3.57521 3.22271 0.00507749 3.9701
0 3.66673 2.98766 0.110612 3.59905 3.22279 -0.0111051 4.0001
0 3.68674 2.98975 0.0978175 3.59905 3.22279 -0.0111051 4.03011
0 3.70671 2.99159 0.0858104 3.62267 3.22246 -0.0258482 4.06006
0 3.72672 2.9932 0.0745422 3.64626 3.2218 -0.0400309 4.09008
0 3.74673 2.99458 0.0640595 3.66965 3.22076 -0.0485048 4.12009
0 3.76671 2.99577 0.0543698 3.69288 3.21932 -0.0508877 4.15007
0 3.78673 2.99677 0.0454547 3.71601 3.21746 -0.0469533 4.18009
0 3.80672 2.99759 0.0373411 3.7391 3.2152 -0.0366873 4.21007
0 3.82674 2.99827 0.0300098 3.76222 3.21261 -0.0202229 4.24011
0 3.84673 2.9988 0.0234879 3.78546 3.21089 0.00146226 4.27009
0 3.86676 2.99921 0.017752 3.80892 3.21054 0.02835 4.30013
0 3.88674 2.99952 0.0128265 3.83276 3.21033 0.0606961 4.33011
0 3.90672 2.99973 0.0087012 3.85639 3.21118 0.0853114 4.36008
0 3.92677 2.99987 0.00536232 3.85639 3.21118 0.0853114 4.39016
0 3.94694 2.99995 0.0028158 3.87967 3.21262 0.103682 4.4204
0 3.96675 2.99999 0.00110576 3.90265 3.21448 0.115605 4.45012
0 3.98691 3 0.000171451 3.92541 3.21679 0.120887 4.48036
0 4.00674 3 -4.54554e-05 3.94799 3.21956 0.119445 4.51011
0 4.02672 2.99999 -0.000713737 3.97046 3.22263 0.111404 4.54007
0 4.04674 2.99997 -0.00218498 3.9929 3.22609 0.0968294 4.57012
0 4.06676 2.9999 -0.00445682 4.0154 3.22991 0.0757961 4.60014
0 4.08674 2.99978 -0.0075236 4.03806 3.23407 0.0484394 4.63011
0 4.10674 2.99959 -0.0113931 4.06097 3.23821 0.0152388 4.66011
0 4.12683 2.99932 -0.0160854 4.0841 3.24001 -0.0232145 4.69025
0 4.1467 2.99895 -0.0215179 4.10776 3.2404 -0.0668514 4.72005
0 4.16671 2.99846 -0.0277862 4.13126 3.23934 -0.10124 4.75007
0 4.18671 2.99783 -0.0348456 4.15443 3.23735 -0.128124 4.78006
0 4.20674 2.99705 -0.0427151 4.17719 3.23467 -0.148253 4.81011
0 4.22675 2.99611 -0.0513712 4.17719 3.23467 -0.148253 4.84013
0 4.24673 2.99499 -0.0608003 4.19957 3.23137 -0.161721 4.87009
0 4.26672 2.99368 -0.0710178 4.22248 3.22762 -0.173618 4.90007
0 4.28704 2.99212 -0.0822071 4.24541 3.2236 -0.185362 4.93056
0 4.30675 2.99038 -0.0938198 4.26828 3.21932 -0.197761 4.96013
0 4.32671 2.98838 -0.10634 4.29108 3.21474 -0.210217 4.99007
0 4.34673 2.9861 -0.119649 4.31378 3.20987 -0.223997 5.0201
0 4.36672 2.98356 -0.133684 4.33641 3.20467 -0.237846 5.05008
0 4.38672 2.98072 -0.148453 4.35893 3.19915 -0.253048 5.08008
0 4.40674 2.97757 -0.163952 4.38136 3.19329 -0.26832 5.11011
0 4.42671 2.9741 -0.18011 4.40371 3.18709 -0.284901 5.14007
0 4.44673 2.97028 -0.19698 4.40371 3.18709 -0.284901 5.1701
0 4.46672 2.96611 -0.214479 4.42596 3.18052 -0.301542 5.20008
0 4.48676 2.96156 -0.232643 4.44863 3.17342 -0.321103 5.23014
0 4.50673 2.95663 -0.251342 4.47124 3.16587 -0.340885 5.26009
0 4.52676 2.95128 -0.270664 4.49382 3.15783 -0.361751 5.29014
0 4.54675 2.94552 -0.290479 4.51623 3.14932 -0.382665 5.32012
0 4.56677 2.93931 -0.310817 4.53861 3.14028 -0.404405 5.35016
0 4.58685 2.93263 -0.331675 4.56081 3.13075 -0.426184 5.38028
0 4.60676 2.92554 -0.352756 4.583 3.12064 -0.44865 5.41014
0 4.62675 2.91794 -0.374295 4.60498 3.11003 -0.47115 5.44012
0 4.64672 2.90984 -0.396133 4.62698 3.0988 -0.494184 5.47007
0 4.66672 2.90121 -0.418279 4.64875 3.08705 -0.517247 5.50007
0 4.68675 2.89204 -0.440689 4.67055 3.07462 -0.540672 5.53012
0 4.7069 2.88225 -0.463412 4.69211 3.06165 -0.564119 5.56035
0 4.72674 2.87206 -0.485913 4.69211 3.06165 -0.564119 5.59011
0 4.74707 2.86102 -0.509049 4.71372 3.04796 -0.58775 5.6206
0 4.76677 2.84973 -0.531505 4.73506 3.03372 -0.611396 5.65016
0 4.78703 2.8375 -0.554571 4.7569 3.01841 -0.636682 5.68054
0 4.80704 2.82479 -0.577301 4.77847 3.00246 -0.662053 5.71056
0 4.82687 2.81155 -0.599714 4.80014 2.98557 -0.68705 5.74031
0 4.84673 2.79765 -0.622013 4.82145 2.96808 -0.712039 5.7701
0 4.86672 2.78297 -0.644267 4.84287 2.94959 -0.736362 5.80007
0 4.88671 2.7676 -0.666309 4.8639 2.93051 -0.760665 5.83007
0 4.90675 2.75149 -0.68813 4.88507 2.91036 -0.784164 5.86013
0 4.92673 2.7347 -0.709597 4.90584 2.88964 -0.807638 5.89009
0 4.94674 2.71714 -0.730782 4.92674 2.86778 -0.830216 5.92012
0 4.96674 2.69883 -0.751601 4.94724 2.84536 -0.852762 5.95011
0 4.98671 2.67978 -0.772024 4.96788 2.82173 -0.874325 5.98007
0 5.00674 2.65988 -0.792062 4.96788 2.82173 -0.874325 6.01011
0 5.02702 2.63893 -0.811173 4.9881 2.79755 -0.895846 6.04052
0 5.04673 2.6178 -0.828489 5.00847 2.77209 -0.916273 6.07008
0 5.06676 2.5956 -0.844881 5.02842 2.7461 -0.936628 6.1001
0 5.08678 2.57269 -0.86013 5.04893 2.71833 -0.955455 6.13008
0 5.10715 2.54867 -0.874555 5.06909 2.68983 -0.973242 6.16057
0 5.12692 2.52469 -0.887573 5.08943 2.65994 -0.989 6.19013
0 5.14698 2.49974 -0.899839 5.10941 2.62955 -1.0039 6.22007
0 5.16714 2.47404 -0.911282 5.12955 2.59787 -1.01694 6.25013
0 5.18728 2.44777 -0.921877 5.14939 2.56578 -1.02927 6.28011
0 5.20745 2.4209 -0.931699 5.16937 2.53246 -1.03979 6.31007
0 5.22769 2.3934 -0.940809 5.1891 2.49881 -1.04983 6.34008
0 5.24796 2.36535 -0.949225 5.1891 2.49881 -1.04983 6.37007
0 5.26834 2.33666 -0.957013 5.209 2.46403 -1.0582 6.40014
0 5.28869 2.30755 -0.964156 5.22869 2.42898 -1.06621 6.43009
0 5.30916 2.27784 -0.970737 5.24897 2.3922 -1.07333 6.46014
0 5.32983 2.24743 -0.976797 5.26913 2.35504 -1.08015 6.49038
0 5.35023 2.21704 -0.982233 5.28946 2.31688 -1.08557 6.52014
0 5.37087 2.18595 -0.98721 5.30966 2.2785 -1.09073 6.55014
0 5.39158 2.15443 -0.991703 5.33004 2.23926 -1.09455 6.58014
0 5.41237 2.12249 -0.995732 5.35033 2.19985 -1.09815 6.61014
0 5.43351 2.08974 -0.999359 5.37082 2.15968 -1.1005 6.64054
0 5.45413 2.05756 -1.00246 5.39127 2.11937 -1.10266 6.67006
0 5.47521 2.02446 -1.0052 5.41195 2.07839 -1.10367 6.7001
0 5.49632 1.99111 -1.00754 5.43262 2.03731 -1.1045 6.73006
0 5.51758 1.95736 -1.00949 5.45353 1.99567 -1.10427 6.76011
0 5.53892 1.92337 -1.01106 5.47449 1.95397 -1.10386 6.79011
0 5.5606 1.88871 -1.01227 5.47449 1.95397 -1.10386 6.82045
0 5.58188 1.85463 -1.01311 5.49571 1.9118 -1.10248 6.85007
0 5.60376 1.81953 -1.0136 5.51701 1.8696 -1.10092 6.88036
0 5.62537 1.78483 -1.01375 5.53896 1.82631 -1.09916 6.91014
0 5.64725 1.74971 -1.01356 5.56107 1.7829 -1.09735 6.9401
0 5.66926 1.7144 -1.01304 5.58344 1.73917 -1.09463 6.97008
0 5.69144 1.67888 -1.01219 5.60595 1.69546 -1.09171 7.00011
0 5.71375 1.64323 -1.01102 5.62873 1.65155 -1.08792 7.03014
0 5.73615 1.60754 -1.00952 5.65169 1.6077 -1.08394 7.0601
0 5.75897 1.57131 -1.00768 5.67492 1.56376 -1.07914 7.09044
0 5.78148 1.53573 -1.00557 5.69837 1.51991 -1.07419 7.12017
0 5.8043 1.49986 -1.00312 5.7221 1.47606 -1.06843 7.1501
0 5.82734 1.46384 -1.00035 5.74609 1.43233 -1.06252 7.18013
0 5.85046 1.42792 -0.997265 5.77035 1.38873 -1.05584 7.21006
0 5.87403 1.39157 -0.993823 5.77035 1.38873 -1.05584 7.24036
0 5.89737 1.35585 -0.990118 5.79491 1.34527 -1.04901 7.27016
0 5.92125 1.31962 -0.986028 5.82013 1.30135 -1.04203 7.30042
0 5.94484 1.28414 -0.981694 5.84571 1.2575 -1.03501 7.33011
0 5.96885 1.2484 -0.976989 5.87156 1.21392 -1.02719 7.36009
0 5.99304 1.21276 -0.971951 5.89774 1.17054 -1.01923 7.39007
0 6.01744 1.1772 -0.966568 5.92416 1.12755 -1.01044 7.42009
0 6.04201 1.14183 -0.960847 5.95094 1.08481 -1.00153 7.45008
0 6.06675 1.10665 -0.954781 5.97796 1.04255 -0.991819 7.48005
0 6.09174 1.07158 -0.94833 6.00536 1.00057 -0.981981 7.51008
0 6.11693 1.03675 -0.941286 6.03298 0.959155 -0.971312 7.54009
0 6.14232 1.00217 -0.93358 6.06101 0.91807 -0.960555 7.57007
0 6.168 0.967776 -0.925189 6.06101 0.91807 -0.960555 7.60011
0 6.1939 0.933706 -0.916136 6.08926 0.87763 -0.948555 7.6301
0 6.2201 0.899915 -0.906403 6.11795 0.837556 -0.936347 7.66009
0 6.24662 0.866403 -0.895979 6.14739 0.797491 -0.922718 7.69011
0 6.27344 0.833263 -0.884887 6.17741 0.757752 -0.908893 7.72009
0 6.30068 0.800376 -0.873074 6.20776 0.718721 -0.893646 7.75015
0 6.32821 0.767948 -0.860608 6.23867 0.680175 -0.878223 7.78013
0 6.35609 0.73595 -0.847473 6.2699 0.64243 -0.861351 7.81007
0 6.38444 0.70428 -0.833619 6.30172 0.605257 -0.844351 7.84008
0 6.41326 0.672995 -0.819061 6.33389 0.568945 -0.825943 7.87013
0 6.44246 0.642231 -0.803856 6.36668 0.533278 -0.807458 7.90011
0 6.4721 0.611952 -0.787987 6.36668 0.533278 -0.807458 7.93007
0 6.50237 0.582028 -0.771378 6.39984 0.498486 -0.787647 7.96017
0 6.53314 0.552611 -0.754104 6.43364 0.464427 -0.767754 7.99027
0 6.56417 0.523982 -0.736344 6.46867 0.430538 -0.746073 8.02009
0 6.59597 0.495683 -0.717817 6.5045 0.397317 -0.724213 8.05014
0 6.62828 0.468007 -0.698712 6.54087 0.36499 -0.701126 8.08014
0 6.66114 0.440946 -0.679031 6.57795 0.333534 -0.677958 8.1101
0 6.69464 0.414462 -0.658757 6.61553 0.303092 -0.653708 8.14009
0 6.72881 0.388575 -0.637911 6.65381 0.273605 -0.629381 8.17012
0 6.76411 0.362995 -0.616247 6.69263 0.245164 -0.604099 8.20056
0 6.79904 0.338816 -0.594733 6.73213 0.217742 -0.578753 8.23011
0 6.83518 0.31495 -0.572439 6.77224 0.191365 -0.552596 8.26011
0 6.87201 0.291803 -0.549741 6.81302 0.166062 -0.526393 8.2901
0 6.90953 0.2694 -0.526682 6.85445 0.141835 -0.49959 8.32007
0 6.94792 0.247676 -0.503216 6.85445 0.141835 -0.49959 8.35012
0 6.98704 0.226743 -0.47948 6.89651 0.118735 -0.472751 8.38015
0 7.02691 0.206613 -0.455517 6.93929 0.0967057 -0.445498 8.41015
0 7.06782 0.187186 -0.431218 6.98268 0.0758454 -0.418225 8.44032
0 7.10908 0.168803 -0.407048 7.02846 0.0554267 -0.389727 8.47014
0 7.15139 0.151172 -0.382654 7.07508 0.0361406 -0.361189 8.50011
0 7.19459 0.134398 -0.358195 7.12275 0.0179859 -0.332726 8.53009
0 7.23902 0.118389 -0.333537 7.17099 0.00116212 -0.304274 8.56031
0 7.28372 0.103505 -0.309266 7.22027 -0.014446 -0.276148 8.59011
0 7.3304 0.0892269 -0.284529 7.27003 -0.0286788 -0.248036 8.62059
0 7.37654 0.0763285 -0.260699 7.32093 -0.041678 -0.220459 8.65011
0 7.42535 0.0639495 -0.236183 7.37228 -0.0532868 -0.192906 8.6807
0 7.47312 0.0530411 -0.21288 7.42488 -0.0636413 -0.16609 8.71004
0 7.52304 0.0428686 -0.189268 7.42488 -0.0636413 -0.16609 8.74009
0 7.57396 0.0337312 -0.16596 7.47788 -0.0726036 -0.139391 8.77012
0 7.62579 0.0256625 -0.143033 7.53407 -0.0806057 -0.112834 8.80007
0 7.67893 0.0186276 -0.120354 7.59128 -0.0871865 -0.0861548 8.83015
0 7.73293 0.0127079 -0.0981445 7.65019 -0.0923367 -0.0604695 8.86011
0 7.7881 0.00788723 -0.0763079 7.70955 -0.0960028 -0.0354151 8.89011
0 7.84442 0.00419138 -0.0548799 7.77045 -0.0982089 -0.0111157 8.92012
0 7.90191 0.00164238 -0.0338811 7.83167 -0.0989442 0.012616 8.95013
0 7.96104 0.000255381 -0.0131712 7.89455 -0.0981806 0.0355392 8.98039
