0 0.0083202 1.15608e-05 0.00278175 0.00155312 2.64936e-05 -5.80824e-07 0.00416588
0 0.0675831 0.00077385 0.0230864 0.00155443 2.66135e-05 -5.80289e-07 0.0341785
0 0.125708 0.00271613 0.0438618 0.00480881 2.73228e-05 -1.06128e-06 0.0642123
0 0.182966 0.00583722 0.0651924 0.011393 2.7447e-05 -1.29926e-06 0.0944014
0 0.238194 0.0100335 0.0866093 0.0213137 2.72876e-05 -1.50295e-06 0.124114
0 0.293658 0.0154709 0.108975 0.0345696 2.70377e-05 -1.74132e-06 0.154565
0 0.346379 0.0218253 0.131053 0.0493937 1.35622e-05 0.0015909 0.184102
0 0.399316 0.0294196 0.154041 0.0493937 1.35622e-05 0.0015909 0.214368
0 0.450425 0.0379548 0.177026 0.0651284 5.36716e-05 0.00646242 0.24419
0 0.501018 0.0476185 0.200555 0.0841453 0.000407716 0.010439 0.274318
0 0.550039 0.0581835 0.224091 0.106498 0.00102777 0.0140463 0.304111
0 0.598475 0.0698328 0.24806 0.132193 0.00186571 0.017867 0.334154
0 0.645912 0.0824572 0.272217 0.161233 0.00292248 0.021921 0.364185
0 0.692467 0.096064 0.296569 0.193623 0.00418952 0.0262124 0.394266
0 0.738153 0.110637 0.321073 0.229366 0.00570106 0.0306309 0.424395
0 0.782746 0.126075 0.345549 0.268462 0.0074325 0.0352705 0.454411
0 0.826079 0.142271 0.369838 0.310913 0.00942138 0.0401072 0.484175
0 0.868876 0.159466 0.394287 0.356708 0.0116211 0.0453342 0.514171
0 0.910727 0.177479 0.418606 0.405858 0.014083 0.051016 0.544103
0 0.952496 0.196682 0.443246 0.405858 0.014083 0.051016 0.574589
0 0.992171 0.216097 0.466953 0.457433 0.0167483 0.0575061 0.604134
0 1.03208 0.236826 0.491058 0.510047 0.0197375 0.0673363 0.634455
0 1.07042 0.257908 0.51441 0.562788 0.02319 0.0831836 0.664165
0 1.10834 0.27992 0.537649 0.616383 0.0275106 0.1042 0.694128
0 1.14563 0.302743 0.560606 0.670202 0.0327166 0.131005 0.724188
0 1.18212 0.32623 0.583112 0.724273 0.0393649 0.164428 0.754177
0 1.21792 0.350418 0.605186 0.778681 0.0476337 0.20352 0.784171
0 1.2531 0.375319 0.62682 0.833505 0.0580577 0.248752 0.814208
0 1.28756 0.400839 0.647918 0.8877 0.0707311 0.297919 0.8442
0 1.32143 0.427029 0.668507 0.940801 0.0859223 0.349092 0.874229
0 1.35459 0.453767 0.688483 0.991729 0.103601 0.399433 0.90418
0 1.38726 0.481185 0.707934 1.0413 0.123815 0.450606 0.934222
0 1.41925 0.509094 0.726721 1.0886 0.146152 0.499641 0.964171
0 1.45071 0.537584 0.744902 1.13451 0.170746 0.548555 0.994147
0 1.48167 0.566641 0.762463 1.13451 0.170746 0.548555 1.02415
0 1.51212 0.596227 0.779377 1.17862 0.197298 0.593819 1.05417
0 1.54201 0.626245 0.795593 1.22145 0.225843 0.638421 1.08413
0 1.57147 0.656783 0.811161 1.26321 0.256466 0.680066 1.11412
0 1.60052 0.687836 0.826078 1.30378 0.28894 0.720775 1.14418
0 1.62904 0.719227 0.840266 1.34304 0.323111 0.757739 1.17413
0 1.65721 0.751109 0.853801 1.38117 0.358916 0.79322 1.20416
0 1.68497 0.783368 0.866639 1.41806 0.396156 0.825585 1.23417
0 1.71235 0.816002 0.878789 1.45388 0.434785 0.856525 1.26417
0 1.73958 0.849257 0.89034 1.48856 0.474652 0.88467 1.29442
0 1.76604 0.882305 0.901023 1.52224 0.515659 0.911664 1.32417
0 1.79241 0.915964 0.911121 1.52224 0.515659 0.911664 1.35419
0 1.81872 0.950223 0.920618 1.55491 0.557875 0.935977 1.38447
0 1.84426 0.984115 0.929267 1.58665 0.600934 0.959313 1.41419
0 1.86977 1.01855 0.937321 1.6178 0.645438 0.98053 1.44416
0 1.8951 1.05332 0.944726 1.64816 0.690756 1.00127 1.47421
0 1.92015 1.08821 0.951448 1.67772 0.737053 1.0195 1.50418
0 1.94503 1.12335 0.957707 1.70652 0.783928 1.03693 1.53419
0 1.96973 1.15869 0.963619 1.73462 0.831647 1.05198 1.56422
0 1.99436 1.19434 0.969207 1.76204 0.879811 1.06638 1.59439
0 2.01844 1.22963 0.974379 1.78888 0.928683 1.07882 1.62413
0 2.04257 1.26535 0.979264 1.81516 0.977886 1.09083 1.65414
0 2.06653 1.3012 0.98382 1.84092 1.02763 1.10101 1.68418
0 2.09028 1.33707 0.98804 1.86621 1.07763 1.11079 1.71416
0 2.11384 1.37297 0.991933 1.89106 1.12803 1.11885 1.74412
0 2.13731 1.40902 0.995516 1.89106 1.12803 1.11885 1.77418
0 2.16073 1.44527 0.998793 1.91552 1.17862 1.12653 1.80439
0 2.18377 1.48117 1.00172 1.93984 1.22992 1.13347 1.83432
0 2.20663 1.51702 1.00433 1.96386 1.28144 1.1402 1.86421
0 2.22949 1.55306 1.00664 1.98751 1.33312 1.14524 1.8943
0 2.25218 1.589 1.00862 2.0109 1.38492 1.14991 1.92437
0 2.27471 1.62482 1.01029 2.034 1.43671 1.153 1.9544
0 2.29693 1.66029 1.01162 2.05693 1.48855 1.15575 1.98422
0 2.31916 1.69584 1.01264 2.07964 1.54026 1.15695 2.01421
0 2.34122 1.73121 1.01333 2.10227 1.59196 1.15785 2.04417
0 2.3632 1.76648 1.0137 2.12472 1.64339 1.15726 2.07418
0 2.38502 1.80151 1.01372 2.14719 1.69475 1.15638 2.10416
0 2.40677 1.83642 1.01341 2.14719 1.69475 1.15638 2.13419
0 2.42836 1.87104 1.01275 2.16953 1.7457 1.15409 2.16417
0 2.44986 1.90545 1.01174 2.19197 1.79655 1.15152 2.19418
0 2.47123 1.93954 1.01036 2.21447 1.84718 1.14826 2.22414
0 2.49255 1.97346 1.00861 2.23714 1.89771 1.1448 2.25419
0 2.51387 2.00723 1.00646 2.25971 1.94758 1.13988 2.28438
0 2.53485 2.04027 1.00395 2.28249 1.99726 1.13468 2.31422
0 2.5558 2.07309 1.00102 2.30522 2.04613 1.12806 2.34415
0 2.57671 2.1056 0.997663 2.32822 2.09475 1.12118 2.37414
0 2.59754 2.13775 0.99387 2.35118 2.14241 1.11291 2.40415
0 2.61829 2.16949 0.989623 2.37447 2.18979 1.10437 2.43415
0 2.63898 2.20083 0.984899 2.39773 2.23606 1.09446 2.46417
0 2.65958 2.23169 0.979685 2.39773 2.23606 1.09446 2.49416
0 2.68012 2.26212 0.973949 2.42136 2.28199 1.08429 2.52417
0 2.70086 2.29244 0.967587 2.4451 2.32694 1.07292 2.55457
0 2.721 2.32146 0.960833 2.46928 2.37154 1.06131 2.58416
0 2.74137 2.35038 0.953385 2.49341 2.41482 1.04829 2.61418
0 2.76171 2.37879 0.945296 2.51799 2.45763 1.0349 2.64423
0 2.78194 2.40655 0.936567 2.54249 2.49902 1.0201 2.67418
0 2.80215 2.43376 0.927119 2.56748 2.53983 1.00487 2.70419
0 2.82234 2.46038 0.916921 2.59236 2.57913 0.988269 2.7342
0 2.84247 2.48637 0.905936 2.61774 2.61778 0.971166 2.76419
0 2.86259 2.51173 0.894098 2.64296 2.65483 0.952677 2.79421
0 2.88265 2.53638 0.881389 2.6687 2.69114 0.933641 2.82418
0 2.90271 2.56039 0.867704 2.69422 2.72579 0.913173 2.85419
0 2.92271 2.58364 0.853041 2.72028 2.75963 0.892104 2.88412
0 2.94275 2.60624 0.837241 2.72028 2.75963 0.892104 2.91415
0 2.96281 2.62812 0.820262 2.74605 2.79176 0.869525 2.94422
0 2.98283 2.64921 0.802058 2.77236 2.823 0.846285 2.97425
0 3.0028 2.66946 0.782592 2.79857 2.8528 0.820089 3.0042
0 3.02293 2.68907 0.762215 2.82536 2.88168 0.792991 3.03439
0 3.04277 2.70764 0.74174 2.85181 2.90875 0.7644 3.06416
0 3.0628 2.72561 0.72072 2.8788 2.93479 0.735113 3.0942
0 3.08282 2.74282 0.699376 2.90534 2.95896 0.705861 3.12423
0 3.10281 2.75927 0.677755 2.93232 2.98211 0.676052 3.15421
0 3.12309 2.77523 0.655535 2.95879 3.0035 0.646541 3.18463
0 3.14276 2.79002 0.63374 2.98561 3.02388 0.616472 3.21414
0 3.16276 2.80438 0.611372 3.01192 3.04261 0.586679 3.24415
0 3.18281 2.8181 0.588784 3.01192 3.04261 0.586679 3.27422
0 3.20281 2.83113 0.566118 3.03849 3.06037 0.556511 3.30422
0 3.22276 2.84349 0.54343 3.0649 3.0769 0.525699 3.33414
0 3.24281 2.85529 0.520583 3.09167 3.09253 0.494689 3.36422
0 3.26279 2.86645 0.497821 3.11804 3.10675 0.464146 3.39419
0 3.2828 2.87703 0.475077 3.14452 3.12006 0.433641 3.42421
0 3.30281 2.88704 0.452444 3.17052 3.13207 0.403782 3.45422
0 3.32277 2.89646 0.430017 3.19659 3.14324 0.374087 3.48415
0 3.34282 2.90539 0.407689 3.22217 3.15325 0.345071 3.51423
0 3.36277 2.91375 0.385724 3.24779 3.16246 0.3164 3.54415
0 3.38294 2.92168 0.363818 3.27295 3.17066 0.28849 3.5744
0 3.40278 2.92899 0.342611 3.27295 3.17066 0.28849 3.60416
0 3.4228 2.9359 0.321597 3.29815 3.1781 0.261032 3.6342
0 3.4428 2.94234 0.301035 3.32296 3.18466 0.234586 3.6642
0 3.46283 2.94833 0.280923 3.34776 3.19055 0.20861 3.69424
0 3.48277 2.95388 0.261401 3.37273 3.19579 0.183551 3.72416
0 3.50282 2.95903 0.242333 3.39781 3.20042 0.158674 3.75423
0 3.52282 2.96378 0.223887 3.42263 3.20433 0.135181 3.78422
0 3.54279 2.96814 0.206077 3.44742 3.20767 0.112259 3.81418
0 3.56282 2.97215 0.18885 3.47193 3.21038 0.0908137 3.84423
0 3.58296 2.97582 0.172204 3.49644 3.21258 0.070146 3.87443
0 3.60278 2.97911 0.15649 3.52068 3.21423 0.050929 3.90418
0 3.62279 2.98211 0.141338 3.54488 3.21542 0.0323053 3.93419
0 3.6428 2.98481 0.126908 3.56883 3.21614 0.0150508 3.9642
0 3.66278 2.98722 0.113231 3.59275 3.21646 -0.0015624 3.99417
0 3.68274 2.98936 0.100318 3.59275 3.21646 -0.0015624 4.02411
0 3.70279 2.99125 0.0881073 3.61645 3.21637 -0.0167318 4.05418
0 3.7228 2.9929 0.0766893 3.64011 3.21592 -0.0313256 4.0842
0 3.74277 2.99433 0.0660695 3.66358 3.21509 -0.0402957 4.11416
0 3.76281 2.99555 0.0562014 3.68688 3.21388 -0.0432632 4.14421
0 3.7828 2.99658 0.0471394 3.71008 3.21225 -0.0399953 4.17421
0 3.80297 2.99745 0.0388029 3.73324 3.21023 -0.0304141 4.20445
0 3.82295 2.99815 0.0313362 3.75642 3.20806 -0.0147629 4.23443
0 3.84284 2.99871 0.0246957 3.77972 3.20676 0.00610836 4.26425
0 3.86282 2.99914 0.0188165 3.80327 3.20646 0.0319398 4.29423
0 3.88281 2.99946 0.013733 3.82718 3.2062 0.0632757 4.32421
0 3.90277 2.99969 0.00945338 3.85089 3.20707 0.0867934 4.35416
0 3.9228 2.99985 0.00595924 3.85089 3.20707 0.0867934 4.38421
0 3.94279 2.99994 0.00327288 3.87426 3.20855 0.10407 4.41419
0 3.96284 2.99998 0.00138095 3.89734 3.21045 0.114885 4.44426
0 3.98282 3 0.000295138 3.92021 3.2128 0.119035 4.47423
0 4.00278 3 -7.72906e-06 3.94293 3.21562 0.116429 4.50417
0 4.02294 3 -0.000526335 3.96554 3.21861 0.107323 4.53441
0 4.0428 2.99997 -0.00183142 3.98815 3.22198 0.0916988 4.56419
0 4.06281 2.99992 -0.00394469 4.01084 3.22569 0.0696298 4.59421
0 4.08283 2.99981 -0.00686103 4.0337 3.22975 0.0413365 4.62425
0 4.10284 2.99964 -0.0105752 4.05683 3.23336 0.00753932 4.65426
0 4.12281 2.99938 -0.0150817 4.08023 3.23459 -0.0314914 4.68422
0 4.14295 2.99903 -0.0204331 4.10422 3.23491 -0.0756981 4.71443
0 4.16278 2.99856 -0.026492 4.12814 3.23371 -0.110268 4.74417
0 4.18299 2.99796 -0.0334724 4.15172 3.23157 -0.137215 4.77448
0 4.20281 2.99722 -0.0411083 4.1749 3.22873 -0.157416 4.80421
0 4.2229 2.99631 -0.0496439 4.19769 3.22527 -0.170878 4.83435
0 4.24284 2.99523 -0.0589023 4.19769 3.22527 -0.170878 4.86426
0 4.263 2.99394 -0.0690605 4.2201 3.22139 -0.180366 4.8945
0 4.28283 2.99246 -0.0798223 4.24242 3.2173 -0.189649 4.92424
0 4.30297 2.99073 -0.0915341 4.26517 3.21295 -0.201075 4.95445
0 4.32283 2.98879 -0.103841 4.28793 3.20831 -0.212627 4.98424
0 4.34282 2.98657 -0.116987 4.31062 3.20339 -0.225691 5.01423
0 4.36282 2.98408 -0.130888 4.33323 3.19816 -0.238835 5.04424
0 4.38282 2.9813 -0.145517 4.35575 3.19262 -0.253397 5.07423
0 4.40285 2.97821 -0.160885 4.37817 3.18675 -0.268035 5.10427
0 4.42279 2.97481 -0.176885 4.40051 3.18056 -0.284042 5.13419
0 4.44297 2.97103 -0.193762 4.42275 3.17402 -0.300116 5.16446
0 4.46284 2.96695 -0.211028 4.44493 3.16711 -0.31748 5.19425
0 4.48282 2.96248 -0.229025 4.46699 3.15982 -0.334901 5.22423
0 4.50284 2.95762 -0.247659 4.46699 3.15982 -0.334901 5.25426
0 4.52278 2.95237 -0.266785 4.48901 3.15212 -0.353521 5.28417
0 4.54281 2.94669 -0.286531 4.5109 3.144 -0.372201 5.31421
0 4.56283 2.94057 -0.306777 4.53323 3.13526 -0.393731 5.34425
0 4.58282 2.93401 -0.327446 4.55546 3.12601 -0.415453 5.37422
0 4.60284 2.92697 -0.348573 4.57769 3.11619 -0.438026 5.40426
0 4.62297 2.91941 -0.3702 4.59971 3.10584 -0.460637 5.43446
0 4.64282 2.91146 -0.391844 4.62175 3.09488 -0.483793 5.46422
0 4.66279 2.90295 -0.413914 4.64357 3.08339 -0.506976 5.49419
0 4.68281 2.89388 -0.436271 4.66541 3.07123 -0.530523 5.52422
0 4.70299 2.8842 -0.458988 4.68701 3.05854 -0.554089 5.55448
0 4.72281 2.87412 -0.481453 4.70866 3.04512 -0.57784 5.58422
0 4.74295 2.8633 -0.504359 4.73004 3.03116 -0.601605 5.61443
0 4.76285 2.85202 -0.527031 4.73004 3.03116 -0.601605 5.64427
0 4.78282 2.84009 -0.549788 4.75151 3.01641 -0.625368 5.67424
0 4.80285 2.8275 -0.572552 4.77267 3.00111 -0.649139 5.70428
0 4.82299 2.8142 -0.595331 4.79435 2.98466 -0.674282 5.73448
0 4.84283 2.80043 -0.617648 4.81574 2.96758 -0.699499 5.76425
0 4.86279 2.78591 -0.639909 4.83724 2.94948 -0.72419 5.79418
0 4.88283 2.77065 -0.662044 4.85837 2.93079 -0.748867 5.82424
0 4.90281 2.75472 -0.683856 4.87962 2.91103 -0.77273 5.85421
0 4.92284 2.73803 -0.705438 4.90048 2.89069 -0.796566 5.88426
0 4.9428 2.72066 -0.726635 4.92148 2.86921 -0.819488 5.9142
0 4.96282 2.70248 -0.747548 4.94207 2.84717 -0.842376 5.94423
0 4.98285 2.68353 -0.768101 4.96281 2.82391 -0.864265 5.97427
0 5.00282 2.66384 -0.7882 4.98314 2.80011 -0.886114 6.00422
0 5.02285 2.6433 -0.807357 4.98314 2.80011 -0.886114 6.03428
0 5.04284 2.62203 -0.825169 5.00361 2.77502 -0.906903 6.06425
0 5.06287 2.59997 -0.841787 5.02366 2.7494 -0.92763 6.09427
0 5.08303 2.57704 -0.857355 5.04428 2.722 -0.946931 6.12447
0 5.10308 2.55353 -0.871759 5.06454 2.69387 -0.965207 6.15448
0 5.12314 2.52934 -0.885151 5.08499 2.66433 -0.981435 6.18447
0 5.1433 2.50436 -0.89766 5.10508 2.63429 -0.996789 6.21459
0 5.16316 2.47916 -0.909093 5.12533 2.60294 -1.01025 6.2442
0 5.18347 2.45278 -0.919938 5.14526 2.57117 -1.02298 6.27445
0 5.20371 2.42592 -0.929937 5.16534 2.53817 -1.03389 6.30452
0 5.22375 2.3988 -0.93909 5.18516 2.50483 -1.0443 6.33424
0 5.24402 2.37084 -0.947642 5.20514 2.47033 -1.05302 6.36424
0 5.26434 2.34233 -0.955535 5.22492 2.43555 -1.06137 6.39424
0 5.28471 2.31328 -0.962806 5.24487 2.39972 -1.06815 6.42423
0 5.30511 2.28375 -0.969481 5.24487 2.39972 -1.06815 6.4542
0 5.32579 2.25341 -0.975656 5.26466 2.36366 -1.07465 6.48447
0 5.34618 2.2231 -0.981196 5.28463 2.32665 -1.07974 6.51424
0 5.36677 2.19215 -0.986262 5.3045 2.28943 -1.08458 6.54419
0 5.3875 2.16066 -0.990858 5.32496 2.25063 -1.08877 6.57424
0 5.40828 2.1288 -0.994976 5.34538 2.21154 -1.09282 6.60425
0 5.42915 2.09652 -0.998648 5.36601 2.17163 -1.09565 6.63427
0 5.45009 2.06389 -1.00188 5.38658 2.13157 -1.09827 6.66427
0 5.47126 2.03067 -1.00472 5.40736 2.09083 -1.09973 6.69449
0 5.49237 1.99736 -1.00713 5.42813 2.04998 -1.10099 6.72447
0 5.51342 1.96398 -1.00914 5.44912 2.00853 -1.10118 6.75424
0 5.5347 1.9301 -1.01078 5.47016 1.96701 -1.10121 6.78419
0 5.55617 1.8958 -1.01206 5.47016 1.96701 -1.10121 6.81426
0 5.57785 1.86109 -1.01298 5.49143 1.92501 -1.10022 6.84447
0 5.59933 1.82663 -1.01353 5.51278 1.88296 -1.09907 6.87425
0 5.62109 1.79171 -1.01375 5.53476 1.8398 -1.09769 6.90425
0 5.64296 1.75659 -1.01363 5.55689 1.7965 -1.09626 6.93424
0 5.66497 1.72128 -1.01317 5.57927 1.75288 -1.09388 6.96425
0 5.68709 1.68585 -1.01239 5.60177 1.70926 -1.09131 6.99423
0 5.70938 1.6502 -1.01127 5.62453 1.66542 -1.08784 7.02427
0 5.73177 1.6145 -1.00984 5.64746 1.62163 -1.08419 7.05426
0 5.7543 1.57872 -1.00809 5.67066 1.57773 -1.07969 7.08424
0 5.77698 1.54284 -1.00601 5.69407 1.53391 -1.07503 7.11423
0 5.79985 1.50684 -1.00362 5.71774 1.49008 -1.06955 7.14428
0 5.82281 1.47091 -1.00092 5.74166 1.44636 -1.06392 7.17424
0 5.84596 1.43489 -0.997888 5.76586 1.40273 -1.05749 7.20425
0 5.86926 1.3989 -0.994543 5.76586 1.40273 -1.05749 7.23425
0 5.89274 1.36291 -0.990876 5.79034 1.35924 -1.05093 7.26427
0 5.91654 1.32674 -0.986859 5.81547 1.31526 -1.04419 7.29447
0 5.94029 1.29096 -0.982553 5.84096 1.27136 -1.03741 7.3244
0 5.96416 1.25535 -0.977931 5.86672 1.2277 -1.02981 7.35425
0 5.98837 1.2196 -0.972945 5.8928 1.18423 -1.02208 7.38431
0 6.01271 1.18407 -0.967635 5.91912 1.14112 -1.01351 7.41429
0 6.03724 1.14866 -0.96198 5.9458 1.09826 -1.0048 7.44428
0 6.06192 1.11349 -0.955991 5.97271 1.05586 -0.995289 7.47421
0 6.08685 1.07842 -0.949629 6 1.01374 -0.985643 7.50421
0 6.11233 1.04306 -0.942616 6.02751 0.972155 -0.97517 7.53464
0 6.13755 1.00862 -0.935073 6.05542 0.930896 -0.964601 7.56446
0 6.16303 0.974379 -0.926857 6.05542 0.930896 -0.964601 7.59433
0 6.18903 0.940056 -0.91788 6.08357 0.890258 -0.952815 7.62449
0 6.2152 0.906183 -0.908266 6.11215 0.849978 -0.940827 7.65451
0 6.24163 0.872656 -0.897984 6.14147 0.809698 -0.927413 7.68449
0 6.26822 0.83965 -0.887087 6.17137 0.769736 -0.913802 7.71429
0 6.29532 0.80678 -0.875439 6.20159 0.730474 -0.898758 7.74427
0 6.32279 0.774261 -0.8631 6.23237 0.691686 -0.883527 7.77427
0 6.35062 0.74216 -0.850088 6.26346 0.653696 -0.866837 7.80423
0 6.37892 0.710371 -0.836352 6.29515 0.616268 -0.850012 7.83428
0 6.40766 0.679002 -0.821925 6.32718 0.579694 -0.831761 7.86433
0 6.43667 0.648249 -0.806902 6.35984 0.543756 -0.813426 7.89421
0 6.46626 0.617841 -0.791146 6.39286 0.508687 -0.793743 7.92421
0 6.49642 0.587831 -0.774673 6.42654 0.474343 -0.773982 7.95429
0 6.52692 0.558477 -0.757626 6.46061 0.4409 -0.752973 7.98422
0 6.55835 0.529269 -0.739697 6.49534 0.408258 -0.731872 8.01454
0 6.58965 0.501227 -0.721526 6.5305 0.376529 -0.709618 8.04421
0 6.62192 0.473371 -0.702494 6.5305 0.376529 -0.709618 8.07427
0 6.65496 0.445952 -0.682749 6.56632 0.34563 -0.687276 8.10451
0 6.68809 0.419557 -0.662738 6.6036 0.314957 -0.66312 8.13427
0 6.7221 0.393569 -0.642015 6.64172 0.285054 -0.638816 8.16427
0 6.75676 0.368227 -0.620768 6.68047 0.256104 -0.61354 8.19426
0 6.79211 0.343523 -0.599003 6.71993 0.228148 -0.58821 8.22429
0 6.82836 0.319361 -0.576642 6.75999 0.201252 -0.562063 8.2545
0 6.86513 0.296034 -0.553973 6.80072 0.175429 -0.535867 8.28455
0 6.90225 0.273657 -0.53115 6.84211 0.150681 -0.50901 8.3143
0 6.94059 0.251731 -0.507684 6.88414 0.127064 -0.482111 8.34443
0 6.97931 0.230782 -0.484151 6.9269 0.104539 -0.454769 8.37426
0 7.01899 0.210516 -0.460255 6.97026 0.0831885 -0.427408 8.40424
0 7.05948 0.191046 -0.436144 7.01444 0.062929 -0.399812 8.43422
0 7.1008 0.172397 -0.41187 7.05919 0.0438866 -0.372203 8.4642
0 7.14306 0.154549 -0.387425 7.05919 0.0438866 -0.372203 8.49425
0 7.18648 0.137455 -0.362752 7.10484 0.0259412 -0.34458 8.52451
0 7.23049 0.121367 -0.33823 7.15102 0.00924368 -0.316955 8.55456
0 7.27516 0.106264 -0.313873 7.20001 -0.00690211 -0.288586 8.58445
0 7.32067 0.0920989 -0.289633 7.2498 -0.0218069 -0.26016 8.61429
0 7.3674 0.0787893 -0.265369 7.30085 -0.0355157 -0.23222 8.64431
0 7.41504 0.0664588 -0.241302 7.35239 -0.0478286 -0.204311 8.67429
0 7.46361 0.0551194 -0.217463 7.40516 -0.058868 -0.177134 8.70425
0 7.5133 0.0447578 -0.193817 7.45833 -0.0684876 -0.150035 8.73427
0 7.56417 0.0353943 -0.170384 7.51285 -0.0768067 -0.123794 8.76439
0 7.61604 0.027089 -0.147289 7.56778 -0.0837102 -0.097911 8.79447
0 7.66889 0.0198637 -0.124577 7.62414 -0.0892968 -0.07276 8.82451
0 7.72288 0.0137184 -0.102216 7.68089 -0.0934806 -0.0481003 8.85458
0 7.77726 0.00873904 -0.0805316 7.73919 -0.0963211 -0.0241254 8.88426
0 7.83335 0.00482266 -0.0590248 7.73919 -0.0963211 -0.0241254 8.91426
0 7.8905 0.00205272 -0.0379823 7.85812 -0.097829 0.0220937 8.94422
0 7.94902 0.000438473 -0.0173085 7.85812 -0.097829 0.0220937 8.97429
