0 0.0180529 5.45551e-05 0.00605703 0.00155141 2.63418e-05 -5.80487e-07 0.00905373
0 0.0772321 0.00101299 0.0264752 0.00155312 2.64936e-05 -5.80824e-07 0.0391225
0 0.134977 0.00313867 0.0472557 0.00480812 2.72276e-05 -1.06239e-06 0.0690579
0 0.191626 0.00641699 0.0684955 0.0113931 2.73712e-05 -1.30112e-06 0.0990217
0 0.247161 0.0108281 0.0901664 0.0213147 2.72273e-05 -1.50597e-06 0.128995
0 0.301631 0.0163565 0.112262 0.0345716 2.69892e-05 -1.74569e-06 0.158994
0 0.355031 0.022982 0.134753 0.0345716 2.69892e-05 -1.74569e-06 0.189006
0 0.407433 0.0306948 0.157639 0.0494086 1.37407e-05 0.00156056 0.219064
0 0.458608 0.0394347 0.18078 0.0651571 5.35087e-05 0.00639847 0.249022
0 0.509369 0.0493333 0.204513 0.0841879 0.00040438 0.01034 0.279351
0 0.558016 0.0600179 0.22799 0.106555 0.00101885 0.0139189 0.309017
0 0.606204 0.0718065 0.251951 0.132263 0.00184937 0.017711 0.339005
0 0.653438 0.0845738 0.276111 0.161316 0.00289701 0.0217356 0.369006
0 0.699712 0.098293 0.300415 0.19372 0.00415336 0.0259961 0.399002
0 0.745063 0.11295 0.32483 0.229476 0.00565233 0.0303843 0.429006
0 0.789525 0.12853 0.349316 0.268584 0.00736964 0.0349918 0.459027
0 0.833033 0.144983 0.37378 0.311048 0.00934245 0.0397966 0.489008
0 0.875705 0.162323 0.398229 0.356855 0.0115247 0.0449891 0.519014
0 0.917506 0.180511 0.422581 0.406017 0.0139672 0.0506348 0.549008
0 0.959085 0.199826 0.447164 0.406017 0.0139672 0.0506348 0.579456
0 0.998628 0.219368 0.470836 0.45758 0.0166113 0.0570927 0.608998
0 1.03799 0.239999 0.494645 0.510179 0.0195779 0.0668969 0.638996
0 1.07659 0.261405 0.518178 0.562904 0.0229279 0.0827643 0.668995
0 1.11446 0.28359 0.541416 0.615779 0.0271229 0.105108 0.699027
0 1.15163 0.306525 0.564304 0.668866 0.0323699 0.133285 0.729078
0 1.188 0.330125 0.58674 0.722228 0.03916 0.167872 0.759065
0 1.22366 0.354397 0.608716 0.775942 0.0476606 0.208458 0.789026
0 1.25875 0.379425 0.630286 0.830085 0.0584242 0.255296 0.819085
0 1.29308 0.405032 0.651285 0.88387 0.0715882 0.306578 0.849056
0 1.32685 0.431324 0.671784 0.936584 0.0872884 0.359891 0.879085
0 1.35994 0.458184 0.691685 0.987156 0.105657 0.412146 0.909063
0 1.39242 0.485616 0.710984 1.03638 0.126585 0.464897 0.939017
0 1.42436 0.513654 0.729698 1.0835 0.14967 0.514443 0.969008
0 1.45578 0.542271 0.747801 1.0835 0.14967 0.514443 0.999025
0 1.48667 0.571432 0.765266 1.12925 0.175026 0.563708 1.02905
0 1.51703 0.601092 0.782068 1.17374 0.202697 0.6095 1.05906
0 1.54693 0.631282 0.798224 1.21697 0.232471 0.654559 1.08911
0 1.57644 0.66203 0.813745 1.25874 0.264152 0.695379 1.11923
0 1.60521 0.692942 0.828446 1.2993 0.297658 0.734952 1.14908
0 1.63372 0.724466 0.84255 1.33851 0.332785 0.770954 1.17909
0 1.6618 0.756378 0.855956 1.37659 0.369521 0.805367 1.20909
0 1.68967 0.788912 0.868762 1.4134 0.407628 0.836813 1.23929
0 1.71679 0.821377 0.880712 1.44914 0.447079 0.866891 1.26908
0 1.74368 0.854337 0.892033 1.48374 0.487724 0.894203 1.29901
0 1.77053 0.887995 0.902785 1.51734 0.529467 0.920395 1.32926
0 1.79661 0.921388 0.912676 1.54994 0.572372 0.943918 1.359
0 1.82272 0.955492 0.922011 1.54994 0.572372 0.943918 1.38911
0 1.84846 0.989745 0.930634 1.58161 0.61608 0.966488 1.4191
0 1.87388 1.02416 0.938564 1.6127 0.661195 0.986964 1.44902
0 1.89917 1.05896 0.945859 1.64302 0.707094 1.00699 1.47907
0 1.92421 1.09392 0.952491 1.67254 0.753931 1.02453 1.50907
0 1.94908 1.1291 0.958696 1.70131 0.801323 1.04128 1.53909
0 1.9737 1.16439 0.964539 1.72941 0.849522 1.05568 1.56906
0 1.99813 1.19984 0.970036 1.75685 0.898141 1.06948 1.59903
0 2.02239 1.23545 0.975199 1.78372 0.947421 1.08135 1.62903
0 2.04651 1.27122 0.980033 1.81004 0.997016 1.09279 1.65907
0 2.07041 1.30704 0.984529 1.83586 1.04711 1.10243 1.68906
0 2.09411 1.34288 0.988692 1.86122 1.09745 1.11166 1.71901
0 2.1177 1.37888 0.992543 1.88616 1.14813 1.1192 1.74906
0 2.14108 1.41484 0.996064 1.88616 1.14813 1.1192 1.77904
0 2.16436 1.45091 0.999274 1.91074 1.199 1.12635 1.80909
0 2.18743 1.48691 1.00216 1.93518 1.25054 1.13279 1.83909
0 2.21053 1.52316 1.00474 1.95934 1.30228 1.13901 1.86933
0 2.2331 1.55876 1.00697 1.98315 1.35413 1.14357 1.89907
0 2.25572 1.59461 1.0089 2.00672 1.40609 1.14776 1.92906
0 2.27815 1.63031 1.01051 2.03 1.458 1.15038 1.959
0 2.30049 1.66597 1.0118 2.05315 1.50995 1.15267 1.989
0 2.32269 1.7015 1.01277 2.07607 1.56172 1.15342 2.019
0 2.34478 1.73693 1.01341 2.09894 1.61346 1.15388 2.04903
0 2.36673 1.77216 1.01372 2.12164 1.6649 1.15288 2.07903
0 2.38854 1.80717 1.0137 2.14438 1.71625 1.1516 2.10901
0 2.41028 1.84206 1.01333 2.14438 1.71625 1.1516 2.13906
0 2.43205 1.87695 1.0126 2.16699 1.76716 1.14892 2.16931
0 2.45354 1.91132 1.01153 2.18972 1.81794 1.14597 2.19932
0 2.47473 1.94513 1.0101 2.21252 1.86847 1.14236 2.22907
0 2.49597 1.97888 1.00829 2.23549 1.91889 1.13855 2.25902
0 2.51717 2.01244 1.00609 2.25837 1.96861 1.13329 2.28907
0 2.53822 2.04558 1.0035 2.28147 2.01811 1.12775 2.31903
0 2.55922 2.07842 1.0005 2.30451 2.06677 1.12082 2.34904
0 2.58032 2.1112 0.997038 2.32784 2.11517 1.11363 2.37934
0 2.60093 2.14295 0.99321 2.35111 2.16257 1.10507 2.40903
0 2.62166 2.17463 0.988886 2.37473 2.20967 1.09625 2.43904
0 2.64234 2.20589 0.984084 2.3983 2.25562 1.08609 2.46905
0 2.66293 2.23669 0.978784 2.42225 2.30123 1.07566 2.49906
0 2.68343 2.26699 0.972973 2.44615 2.34556 1.06392 2.52902
0 2.70389 2.29683 0.96661 2.47049 2.38949 1.05189 2.55901
0 2.72436 2.32627 0.959646 2.47049 2.38949 1.05189 2.58911
0 2.74486 2.3553 0.952043 2.49475 2.43209 1.03858 2.61934
0 2.76494 2.38326 0.943947 2.51946 2.47417 1.02495 2.64902
0 2.78524 2.41103 0.935072 2.54422 2.51504 1.00994 2.67909
0 2.80559 2.43834 0.925437 2.56949 2.55538 0.994576 2.7093
0 2.82575 2.46483 0.915119 2.59463 2.5942 0.977873 2.73928
0 2.84573 2.49052 0.904076 2.62027 2.63237 0.960683 2.76906
0 2.86601 2.51597 0.892002 2.64571 2.66893 0.942115 2.79931
0 2.8859 2.54032 0.879238 2.67168 2.70474 0.923004 2.82904
0 2.90594 2.56419 0.865409 2.6974 2.73889 0.902471 2.85902
0 2.92602 2.58742 0.85051 2.72363 2.77222 0.881337 2.88908
0 2.94602 2.60985 0.834557 2.74956 2.80383 0.858706 2.91905
0 2.96604 2.63157 0.817412 2.74956 2.80383 0.858706 2.94906
0 2.98606 2.65253 0.799004 2.776 2.83455 0.835413 2.97909
0 3.00605 2.67268 0.77933 2.80233 2.86384 0.809127 3.00907
0 3.02638 2.69235 0.75868 2.82923 2.89221 0.781943 3.03956
0 3.046 2.71059 0.738373 2.85577 2.91877 0.75341 3.069
0 3.06605 2.72845 0.717272 2.88283 2.94431 0.724211 3.09908
0 3.08606 2.74553 0.695889 2.90942 2.968 0.695081 3.12909
0 3.10622 2.762 0.674038 2.93643 2.99067 0.6654 3.15933
0 3.12602 2.77748 0.652295 2.96291 3.0116 0.636036 3.18904
0 3.14609 2.79246 0.630027 2.98974 3.03154 0.60612 3.21914
0 3.16602 2.80665 0.607715 3.01605 3.04985 0.576446 3.24903
0 3.18607 2.82026 0.585104 3.0426 3.0672 0.546465 3.2791
0 3.20604 2.83317 0.562459 3.06867 3.08305 0.516721 3.30905
0 3.22604 2.84547 0.539689 3.09488 3.09799 0.486931 3.33907
0 3.246 2.85711 0.51695 3.12063 3.1116 0.457619 3.369
0 3.26601 2.86819 0.494154 3.12063 3.1116 0.457619 3.39902
0 3.28606 2.8787 0.47139 3.14645 3.12435 0.428289 3.42908
0 3.30606 2.88861 0.448787 3.17181 3.13589 0.399457 3.45908
0 3.32607 2.89797 0.426324 3.19722 3.14664 0.370794 3.48911
0 3.34605 2.90678 0.404116 3.22261 3.15654 0.342153 3.51907
0 3.36601 2.91506 0.382178 3.24822 3.16567 0.313497 3.54902
0 3.38605 2.92286 0.360463 3.27346 3.17382 0.285515 3.57908
0 3.40605 2.93016 0.339144 3.29876 3.1812 0.258008 3.60908
0 3.42604 2.93697 0.318238 3.32366 3.18772 0.231532 3.63905
0 3.44604 2.94334 0.297748 3.34856 3.19355 0.205528 3.66906
0 3.46602 2.94925 0.277768 3.37311 3.1986 0.180731 3.69902
0 3.48603 2.95474 0.258269 3.39763 3.20305 0.156425 3.72904
0 3.50601 2.95982 0.239348 3.42187 3.20681 0.133432 3.75902
0 3.52602 2.96451 0.220986 3.42187 3.20681 0.133432 3.78903
0 3.54602 2.96881 0.203248 3.44608 3.21003 0.111012 3.81904
0 3.56604 2.97276 0.186139 3.47054 3.21271 0.0898668 3.84906
0 3.586 2.97635 0.169746 3.49514 3.2149 0.069173 3.879
0 3.60607 2.97962 0.153953 3.51953 3.21654 0.0499021 3.9091
0 3.62604 2.98257 0.138946 3.54389 3.21772 0.031223 3.93906
0 3.64604 2.98522 0.12464 3.56799 3.21843 0.013935 3.96906
0 3.66605 2.98759 0.111065 3.59207 3.21872 -0.00271034 3.99907
0 3.68606 2.98969 0.0982423 3.61591 3.2186 -0.017889 4.02909
0 3.70602 2.99153 0.0862117 3.63971 3.21812 -0.0324931 4.05903
0 3.72601 2.99314 0.0749275 3.66331 3.21727 -0.0414636 4.08902
0 3.74606 2.99454 0.0643948 3.68676 3.21602 -0.0444259 4.11909
0 3.76603 2.99573 0.0546857 3.68676 3.21602 -0.0444259 4.14905
0 3.78603 2.99673 0.0457502 3.7101 3.21436 -0.0411425 4.17905
0 3.80604 2.99757 0.0376046 3.7334 3.21231 -0.0315322 4.20905
0 3.82603 2.99824 0.0302579 3.75672 3.21006 -0.0158059 4.23904
0 3.84602 2.99878 0.0237047 3.78015 3.20868 0.00515829 4.26903
0 3.86601 2.9992 0.0179512 3.80384 3.20837 0.0310585 4.29902
0 3.88606 2.99951 0.012982 3.82788 3.20813 0.0624429 4.32909
0 3.90602 2.99972 0.00883137 3.85173 3.209 0.0860793 4.35904
0 3.92602 2.99987 0.00547307 3.87524 3.21047 0.103484 4.38903
0 3.94602 2.99995 0.00291393 3.89846 3.21237 0.114436 4.41903
0 3.96604 2.99999 0.00115337 3.92146 3.21472 0.118724 4.44906
0 3.98602 3 0.000195388 3.94431 3.21752 0.116252 4.47903
0 4.00603 3 -3.63243e-05 3.96706 3.22048 0.107296 4.50904
0 4.02603 2.99999 -0.000677794 3.98987 3.22309 0.0931145 4.53905
0 4.04634 2.99997 -0.00214704 3.98987 3.22309 0.0931145 4.5695
0 4.06624 2.9999 -0.00438831 4.01271 3.22529 0.0786993 4.59937
0 4.08622 2.99979 -0.00743435 4.0357 3.2278 0.058114 4.62934
0 4.10604 2.9996 -0.0112447 4.05889 3.23067 0.031399 4.65906
0 4.12604 2.99933 -0.0158857 4.08235 3.23314 -0.000817364 4.68907
0 4.14604 2.99896 -0.0213232 4.10606 3.23364 -0.0384911 4.71905
0 4.16607 2.99847 -0.0275737 4.12952 3.23304 -0.0677764 4.74911
0 4.18604 2.99785 -0.0345956 4.15258 3.23165 -0.0907581 4.77905
0 4.206 2.99709 -0.0424124 4.17527 3.22965 -0.107477 4.80901
0 4.226 2.99615 -0.0510323 4.19776 3.22719 -0.120403 4.839
0 4.24599 2.99504 -0.0604385 4.22012 3.22448 -0.133111 4.86899
0 4.26601 2.99373 -0.0706418 4.24242 3.22148 -0.145379 4.89901
0 4.28602 2.9922 -0.0816257 4.24242 3.22148 -0.145379 4.92903
0 4.30606 2.99044 -0.0933986 4.26463 3.21822 -0.158636 4.95909
0 4.32606 2.98844 -0.105917 4.28679 3.21466 -0.171954 4.98909
0 4.34605 2.98619 -0.119181 4.30939 3.21071 -0.188011 5.01907
0 4.36607 2.98365 -0.133212 4.33201 3.20637 -0.204199 5.0491
0 4.38604 2.98082 -0.14794 4.35456 3.20165 -0.221602 5.07906
0 4.40613 2.97767 -0.163466 4.37703 3.19653 -0.239063 5.10919
0 4.42601 2.97423 -0.179533 4.39942 3.19103 -0.257597 5.13902
0 4.44602 2.97042 -0.196372 4.4217 3.1851 -0.276179 5.16903
0 4.46605 2.96626 -0.213877 4.44393 3.17876 -0.295777 5.19907
0 4.48607 2.96172 -0.23201 4.46604 3.17198 -0.315422 5.22911
0 4.50605 2.9568 -0.250695 4.48811 3.16474 -0.336023 5.25907
0 4.52604 2.95148 -0.269961 4.51004 3.15703 -0.356673 5.28906
0 4.54608 2.94572 -0.289803 4.53197 3.14883 -0.378187 5.31911
0 4.56604 2.93955 -0.31007 4.53197 3.14883 -0.378187 5.34906
0 4.58606 2.9329 -0.330845 4.55373 3.14014 -0.399746 5.37909
0 4.60606 2.9258 -0.352007 4.57551 3.13091 -0.422056 5.40908
0 4.62623 2.91814 -0.37373 4.59711 3.12118 -0.444404 5.43934
0 4.64605 2.91012 -0.3954 4.61919 3.11065 -0.469172 5.46908
0 4.66602 2.90152 -0.417499 4.6411 3.09953 -0.494054 5.49902
0 4.68602 2.89238 -0.439867 4.66307 3.08768 -0.519243 5.52902
0 4.70605 2.88268 -0.462449 4.68477 3.07525 -0.544452 5.55907
0 4.72604 2.87243 -0.485116 4.70655 3.06204 -0.569655 5.58906
0 4.74605 2.86158 -0.50789 4.72803 3.04826 -0.594863 5.61908
0 4.76604 2.85016 -0.530673 4.74961 3.03364 -0.619894 5.64906
0 4.78601 2.83813 -0.553411 4.77087 3.01844 -0.644933 5.67901
0 4.80603 2.82544 -0.576159 4.79225 3.00234 -0.669621 5.70905
0 4.82602 2.81213 -0.598754 4.79225 3.00234 -0.669621 5.73903
0 4.84603 2.79815 -0.621228 4.81329 2.98567 -0.694314 5.76904
0 4.86604 2.78348 -0.643518 4.83487 2.96771 -0.719971 5.79906
0 4.88603 2.76814 -0.66556 4.85612 2.94908 -0.745686 5.82905
0 4.90602 2.75209 -0.687337 4.87751 2.92933 -0.770585 5.85903
0 4.92606 2.73527 -0.708886 4.89849 2.90897 -0.795458 5.8891
0 4.94605 2.71776 -0.730047 4.9196 2.88742 -0.819304 5.91907
0 4.96621 2.69933 -0.751053 4.94029 2.86527 -0.843103 5.94932
0 4.98604 2.68043 -0.771343 4.96113 2.84188 -0.865819 5.97906
0 5.00603 2.6606 -0.791369 4.98154 2.81791 -0.888446 6.00905
0 5.02605 2.63995 -0.81029 5.00209 2.79262 -0.909929 6.03907
0 5.04605 2.61855 -0.827907 5.02221 2.76677 -0.931293 6.06906
0 5.06605 2.5964 -0.844324 5.04245 2.73956 -0.95071 6.09905
0 5.08643 2.5731 -0.859874 5.04245 2.73956 -0.95071 6.12956
0 5.10612 2.5499 -0.873854 5.06227 2.71178 -0.969163 6.15903
0 5.12651 2.5252 -0.887312 5.08225 2.68266 -0.9855 6.18952
0 5.14632 2.50057 -0.899454 5.10187 2.65303 -1.00093 6.2191
0 5.16642 2.47497 -0.910889 5.12209 2.62154 -1.015 6.24906
0 5.18655 2.44874 -0.921507 5.14204 2.58943 -1.0282 6.27902
0 5.20677 2.42182 -0.931379 5.16215 2.55602 -1.03962 6.30906
0 5.227 2.39435 -0.94051 5.18197 2.52224 -1.05049 6.33906
0 5.24728 2.3663 -0.948953 5.20195 2.48727 -1.05964 6.36906
0 5.2676 2.3377 -0.956743 5.22169 2.45201 -1.06839 6.39905
0 5.28799 2.30857 -0.963919 5.2416 2.41567 -1.07553 6.42905
0 5.3084 2.27895 -0.970502 5.26133 2.37908 -1.08237 6.45902
0 5.32893 2.24877 -0.976542 5.28123 2.34151 -1.08775 6.48906
0 5.34978 2.21772 -0.982117 5.30101 2.30374 -1.09288 6.51947
0 5.37013 2.18708 -0.98704 5.30101 2.30374 -1.09288 6.54906
0 5.39086 2.15553 -0.991556 5.32097 2.26508 -1.09667 6.5791
0 5.41163 2.12363 -0.995597 5.34086 2.22625 -1.10025 6.60908
0 5.43263 2.09111 -0.999216 5.36134 2.18589 -1.10326 6.63927
0 5.45344 2.05865 -1.00236 5.38181 2.14528 -1.10614 6.66906
0 5.47448 2.02561 -1.00511 5.4025 2.10392 -1.10785 6.69906
0 5.49561 1.99223 -1.00746 5.42316 2.06244 -1.10935 6.72906
0 5.51681 1.95859 -1.00942 5.44404 2.02035 -1.10973 6.75902
0 5.53818 1.92454 -1.01101 5.46495 1.97819 -1.10992 6.78908
0 5.5596 1.89031 -1.01223 5.4861 1.93551 -1.10907 6.81905
0 5.58113 1.85583 -1.01308 5.50731 1.8928 -1.10804 6.84902
0 5.60281 1.82105 -1.01359 5.52879 1.84968 -1.10605 6.87905
0 5.62459 1.78609 -1.01375 5.55037 1.80654 -1.10387 6.90906
0 5.64647 1.75097 -1.01358 5.55037 1.80654 -1.10387 6.93903
0 5.66853 1.71558 -1.01307 5.57224 1.7631 -1.1008 6.96908
0 5.69067 1.68011 -1.01223 5.59425 1.71969 -1.09755 6.99907
0 5.71295 1.64451 -1.01107 5.61692 1.67535 -1.09412 7.02906
0 5.73536 1.60879 -1.00958 5.63981 1.63095 -1.09066 7.05905
0 5.75794 1.57295 -1.00777 5.66298 1.5864 -1.08632 7.08907
0 5.78064 1.53706 -1.00565 5.68636 1.54193 -1.0818 7.11906
0 5.80351 1.50109 -1.00321 5.71001 1.49743 -1.07641 7.14908
0 5.82681 1.46466 -1.00041 5.73391 1.45304 -1.07086 7.17945
0 5.84966 1.42916 -0.997377 5.75809 1.40873 -1.06448 7.20903
0 5.873 1.39314 -0.993978 5.78254 1.36457 -1.05796 7.23905
0 5.8965 1.35718 -0.990261 5.80728 1.32059 -1.05064 7.26905
0 5.92013 1.32131 -0.986226 5.83232 1.27679 -1.04317 7.29901
0 5.94397 1.28545 -0.98186 5.85765 1.23328 -1.03493 7.32901
0 5.96805 1.24958 -0.977151 5.85765 1.23328 -1.03493 7.35909
0 5.99227 1.21389 -0.972116 5.88332 1.18998 -1.02655 7.38912
0 6.01657 1.17847 -0.966766 5.90966 1.1464 -1.01795 7.41902
0 6.04118 1.14302 -0.961044 5.93643 1.10296 -1.00927 7.44908
0 6.06593 1.10781 -0.954987 5.96344 1.05996 -0.999774 7.47906
0 6.09089 1.07277 -0.948558 5.99085 1.01723 -0.990165 7.50906
0 6.11606 1.03794 -0.941538 6.01849 0.975043 -0.979658 7.53906
0 6.14143 1.00337 -0.933859 6.04654 0.933187 -0.969065 7.56903
0 6.16752 0.968405 -0.925349 6.07482 0.89197 -0.957188 7.59956
0 6.19319 0.934632 -0.916392 6.10354 0.851116 -0.945079 7.62928
0 6.21919 0.901069 -0.906748 6.13253 0.810948 -0.931603 7.65906
0 6.24565 0.867622 -0.896372 6.16202 0.771194 -0.917901 7.68901
0 6.27251 0.834403 -0.885282 6.19178 0.732199 -0.902813 7.71905
0 6.2996 0.801661 -0.873551 6.19178 0.732199 -0.902813 7.74897
0 6.3272 0.769116 -0.861071 6.22209 0.693692 -0.887566 7.77904
0 6.35512 0.737041 -0.847935 6.2527 0.655988 -0.870946 7.80904
0 6.38345 0.705369 -0.83411 6.28389 0.618838 -0.854213 7.83904
0 6.41226 0.674061 -0.819572 6.31619 0.581684 -0.83659 7.8691
0 6.44167 0.643046 -0.804271 6.34922 0.544997 -0.818817 7.89931
0 6.47104 0.613023 -0.788565 6.38253 0.509271 -0.798976 7.92901
0 6.50129 0.58308 -0.771978 6.4165 0.474253 -0.778926 7.9591
0 6.5319 0.553782 -0.75481 6.45089 0.44016 -0.757544 7.98906
0 6.56311 0.524938 -0.736953 6.48595 0.406886 -0.736063 8.01909
0 6.59479 0.496714 -0.71851 6.52146 0.374563 -0.713421 8.04904
0 6.62713 0.468973 -0.699396 6.55765 0.343095 -0.69069 8.07908
0 6.65996 0.441897 -0.67974 6.59432 0.312626 -0.666903 8.10903
0 6.69407 0.414908 -0.659107 6.63166 0.283077 -0.643034 8.13958
0 6.72755 0.38951 -0.638682 6.66952 0.254546 -0.618221 8.16902
0 6.76234 0.364247 -0.617333 6.70806 0.226993 -0.593342 8.19905
0 6.79782 0.33964 -0.595483 6.70806 0.226993 -0.593342 8.22909
0 6.8339 0.315772 -0.573225 6.74716 0.200467 -0.567662 8.25907
0 6.87072 0.292593 -0.550534 6.78691 0.17497 -0.541935 8.28906
0 6.90825 0.270142 -0.527465 6.82858 0.149812 -0.514569 8.31906
0 6.94654 0.248436 -0.504057 6.87111 0.125614 -0.487145 8.34905
0 6.98557 0.227508 -0.480368 6.91448 0.102475 -0.459283 8.37903
0 7.02544 0.207336 -0.456398 6.9585 0.0805329 -0.431407 8.40905
0 7.06612 0.18797 -0.432222 7.00333 0.059735 -0.403316 8.43907
0 7.1075 0.169483 -0.407964 7.04874 0.0402002 -0.375209 8.46901
0 7.14988 0.151781 -0.383518 7.09505 0.0218202 -0.347105 8.49905
0 7.19307 0.134967 -0.359046 7.09505 0.0218202 -0.347105 8.52905
0 7.23719 0.119024 -0.334542 7.1419 0.00473614 -0.319 8.55908
0 7.28213 0.104015 -0.310122 7.18974 -0.0111823 -0.291126 8.58906
0 7.32808 0.0899054 -0.285741 7.23808 -0.0257786 -0.263263 8.61909
0 7.37488 0.0767729 -0.261547 7.2894 -0.0396978 -0.235075 8.64905
0 7.4227 0.0645891 -0.237495 7.34151 -0.0523008 -0.206729 8.67905
0 7.47209 0.0532651 -0.213377 7.39499 -0.0636286 -0.179088 8.70941
0 7.52138 0.0431874 -0.190042 7.44892 -0.0735016 -0.151492 8.7391
0 7.57213 0.0340393 -0.166786 7.50421 -0.0820344 -0.124824 8.76904
0 7.62412 0.0259044 -0.143762 7.55992 -0.0891096 -0.0985468 8.79911
0 7.67696 0.0188665 -0.12118 7.617 -0.0948132 -0.0730215 8.82905
0 7.73101 0.0128981 -0.0989215 7.67447 -0.0990706 -0.0480088 8.85905
0 7.78624 0.00803034 -0.0770315 7.73344 -0.101939 -0.0237036 8.8891
0 7.8424 0.00430322 -0.0556343 7.79275 -0.103382 9.16596e-05 8.91905
0 7.89975 0.00171648 -0.0346551 7.8537 -0.103396 0.0231117 8.94902
0 7.95841 0.000291269 -0.0140752 7.8537 -0.103396 0.0231117 8.97906
