0 1.0 1.0 -2.0 0.1
0 1.0 1.0 -1.85 0.2
0 1.0 1.0 -1.7000000000000002 0.30000000000000004
0 1.0 1.0 -1.5500000000000003 0.4
0 1.0 1.0 -1.4000000000000004 0.5
0 1.0 1.0 -1.2500000000000004 0.6
0 1.0 1.0 -1.1000000000000005 0.7
0 1.0 1.0 -0.9500000000000005 0.8
0 1.0 1.0 -0.8000000000000005 0.9
0 1.0 1.0 -0.6500000000000005 1.0
0 1.0159297098366993 0.9896768233100999 -0.5000000000000004 1.1
0 1.069630617421875 0.9653726972670107 -0.3500000000000004 1.2000000000000002
0 1.1657829351954685 0.9382434539377689 -0.2000000000000004 1.3000000000000003
0 1.2807699934409913 0.9237947394295551 -0.05000000000000038 1.4000000000000004
0 1.4026175633205633 0.9268415634580001 0.09999999999999964 1.5000000000000004
0 1.526576819111027 0.9487586280546001 0.24999999999999967 1.6
0 1.6515494761986593 0.9908678844374286 0.3999999999999997 1.7000000000000002
0 1.7741568518909072 1.0539214386253377 0.5499999999999997 1.8000000000000003
0 1.8938395771600633 1.1373919309185967 0.6679999999999997 1.9000000000000004
0 2.0080241145772746 1.2330812825830249 0.7269999999999996 2.0000000000000004
0 2.1200998628222756 1.3327759497188507 0.7269999999999996 2.1000000000000005
0 2.2321756110672766 1.4324706168546766 0.7269999999999996 2.2000000000000006
0 2.3442513593122776 1.5321652839905024 0.7269999999999996 2.3000000000000007
0 2.4563271075572786 1.6318599511263283 0.7269999999999996 2.4000000000000004
0 2.5684028558022796 1.7315546182621542 0.7269999999999996 2.5000000000000004
0 2.6804786040472806 1.83124928539798 0.7269999999999996 2.6000000000000005
0 2.7925543522922815 1.930943952533806 0.7269999999999996 2.7000000000000006
0 2.9046301005372825 2.0306386196696318 0.7269999999999996 2.8000000000000007
0 3.0167058487822835 2.130333286805458 0.7269999999999996 2.900000000000001
0 3.1287815970272845 2.230027953941284 0.7269999999999996 3.000000000000001
0 3.2408573452722855 2.32972262107711 0.7269999999999996 3.100000000000001
0 3.33178006869094 2.4211197119323318 0.8489999999999996 3.2
0 3.419657703481997 2.5209521781120747 0.8489999999999996 3.3000000000000003
0 3.5062138700807077 2.6192834041988893 0.8489999999999996 3.4000000000000004
0 3.5927700366794184 2.717614630285704 0.8489999999999996 3.5000000000000004
0 3.677344000989609 2.8136939962331255 0.8489999999999996 3.6000000000000005
0 3.7646151015186087 2.9059208279491138 0.7769999999999997 3.7000000000000006
0 3.8601598048341534 2.9998740592311965 0.7769999999999997 3.8000000000000007
0 3.9562766568384387 3.076257985173863 0.5659999999999997 3.900000000000001
0 4.073760904368487 3.1447000396642046 0.4889999999999997 4.0
0 4.2017673456402385 3.212812821085473 0.4889999999999997 4.1
0 4.334187802128258 3.2832743191074747 0.4889999999999997 4.199999999999999
0 4.465725455573024 3.35326607380933 0.4889999999999997 4.299999999999999
0 4.598145912061043 3.4237275718313316 0.4889999999999997 4.399999999999999
0 4.730566368549063 3.4941890698533333 0.4889999999999997 4.499999999999998
0 4.8629868250370825 3.564650567875335 0.4889999999999997 4.599999999999998
0 4.995407281525102 3.635112065897337 0.4889999999999997 4.6999999999999975
0 5.127827738013122 3.7055735639193386 0.4889999999999997 4.8
0 5.260248194501141 3.7760350619413403 0.4889999999999997 4.8999999999999995
0 5.392668650989161 3.846496559963342 0.4889999999999997 4.999999999999999
0 5.52508910747718 3.916958057985344 0.4889999999999997 5.099999999999999
0 5.6575095639652 3.9874195560073455 0.4889999999999997 5.199999999999998
0 5.786869186231899 4.061314269121355 0.5489999999999997 5.299999999999998
0 5.911894751967825 4.142336523705882 0.6009999999999998 5.399999999999998
0 6.032407198134932 4.229927358734555 0.6559999999999998 5.499999999999997
0 6.150480515627884 4.320810204729871 0.6559999999999998 5.6
0 6.266043217237012 4.414836093070004 0.7099999999999999 5.699999999999999
0 6.3764130800403995 4.514907552474049 0.7629999999999999 5.799999999999999
0 6.481433295558032 4.620581308360109 0.814 5.899999999999999
0 6.580929936320499 4.731471374765633 0.865 5.999999999999998
0 6.6720876317460975 4.84801063013301 0.949 6.099999999999998
0 6.755319645774283 4.9715711774704126 1.007 6.1999999999999975
0 6.835479468733186 5.098356045586436 1.007 6.299999999999997
0 6.915104892872362 5.2242956812483525 1.007 6.3999999999999995
0 6.995264715831265 5.351080549364376 1.007 6.499999999999999
0 7.075424538790168 5.477865417480399 1.007 6.599999999999999
0 7.155584361749071 5.604650285596422 1.007 6.699999999999998
0 7.235744184707974 5.731435153712446 1.007 6.799999999999998
0 7.315904007666877 5.858220021828469 1.007 6.899999999999998
0 7.3960638306257795 5.985004889944492 1.007 6.999999999999997
0 7.476223653584682 6.111789758060516 1.007 7.099999999999997
0 7.556383476543585 6.238574626176539 1.007 7.199999999999999
0 7.636543299502488 6.365359494292562 1.007 7.299999999999999
0 7.716703122461391 6.4921443624085855 1.007 7.399999999999999
0 7.796862945420294 6.618929230524609 1.007 7.499999999999998
0 7.877022768379197 6.745714098640632 1.007 7.599999999999998
0 7.960254782407382 6.869274645978035 0.9489999999999998 7.6999999999999975
0 8.04762921450612 6.991199658241406 0.9489999999999998 7.799999999999997
0 8.135003646604858 7.113124670504777 0.9489999999999998 7.899999999999997
0 8.222378078703596 7.235049682768148 0.9489999999999998 7.999999999999999
0 8.309752510802333 7.356974695031519 0.9489999999999998 8.1
0 8.396544446687079 7.4780868738798 0.9489999999999998 8.2
0 8.47835051484264 7.6013845069467045 1.021 8.299999999999999
0 8.556727552095955 7.7292791512106165 1.021 8.399999999999999
0 8.63458207576758 7.856321164512769 1.021 8.499999999999998
0 8.708254376526558 7.985803119238323 1.0859999999999999 8.599999999999998
0 8.77815860130622 8.118518601974719 1.0859999999999999 8.699999999999998
0 8.842927912775018 8.25267102410745 1.156 8.799999999999999
0 8.902975439840192 8.389035588761752 1.156 8.899999999999999
0 8.955466232234622 8.526280163620008 1.255 8.999999999999998
0 8.995757847648758 8.668649072044179 1.335 9.099999999999998
0 9.022974156037083 8.813046541453895 1.434 9.199999999999998
0 9.022974156037083 8.813046541453895 1.434 9.299999999999997
0 9.022974156037083 8.813046541453895 1.434 9.399999999999997
1 9.0 1.0 2.1588649304071765 0.1
1 8.919835731820577 1.1085573470860761 2.2548649304071766 0.2
1 8.825674966352276 1.224033536174666 2.2548649304071766 0.30000000000000004
1 8.73088224943788 1.3402847332437162 2.2548649304071766 0.4
1 8.636089532523483 1.4565359303127665 2.2548649304071766 0.5
1 8.541296815609087 1.5727871273818168 2.2548649304071766 0.6
1 8.44650409869469 1.689038324450867 2.2548649304071766 0.7
1 8.351711381780294 1.8052895215199174 2.2548649304071766 0.8
1 8.256918664865898 1.9215407185889677 2.2548649304071766 0.9
1 8.162125947951502 2.0377919156580178 2.2548649304071766 1.0
1 8.067333231037106 2.154043112727068 2.2548649304071766 1.1
1 7.973172465568806 2.2695193018156576 2.2548649304071766 1.2000000000000002
1 7.879011700100506 2.3849954909042475 2.2548649304071766 1.3000000000000003
1 7.784850934632206 2.5004716799928373 2.2548649304071766 1.4000000000000004
1 7.690690169163906 2.615947869081427 2.2548649304071766 1.5000000000000004
1 7.596529403695606 2.731424058170017 2.2548649304071766 1.6
1 7.502368638227306 2.8469002472586067 2.2548649304071766 1.7000000000000002
1 7.408207872759006 2.9623764363471965 2.2548649304071766 1.8000000000000003
1 7.3140471072907065 3.0778526254357863 2.2548649304071766 1.9000000000000004
1 7.219886341822407 3.193328814524376 2.2548649304071766 2.0000000000000004
1 7.125725576354107 3.308805003612966 2.2548649304071766 2.1000000000000005
1 7.044139043737012 3.423676012659003 2.1218649304071766 2.2000000000000006
1 6.974574744729965 3.546287967844843 2.0518649304071768 2.3000000000000007
1 6.9111811789273 3.6677385990281475 2.0518649304071768 2.4000000000000004
1 6.850101246913052 3.7847567254237404 2.0518649304071768 2.5000000000000004
1 6.791334948687223 3.8973423470316213 2.0518649304071768 2.6000000000000005
1 6.73580773776518 4.003722461936706 2.0518649304071768 2.7000000000000006
1 6.699929019055697 4.088331423705731 1.8918649304071766 2.8000000000000007
1 6.66378410657246 4.1750114584755815 2.0398649304071768 2.900000000000001
1 6.632568390362105 4.255001531741894 1.8458649304071768 3.000000000000001
1 6.602415998702216 4.337586785648474 1.9958649304071767 3.100000000000001
1 6.557878604319537 4.435975913612908 1.9958649304071767 3.2
1 6.504048681297064 4.542060758972639 2.0848649304071767 3.3000000000000003
1 6.4460252436308565 4.644809387583417 2.0848649304071767 3.4000000000000004
1 6.3899687021567235 4.744075011834508 2.0848649304071767 3.5000000000000004
1 6.315694787827745 4.865064402875143 2.1578649304071766 3.6000000000000005
1 6.270153237535356 4.950534808237385 1.9628649304071766 3.7000000000000006
1 6.215800023671317 5.06748126721696 2.0488649304071767 3.8000000000000007
1 6.152478125463581 5.182143032768524 2.1018649304071766 3.900000000000001
1 6.082587328405718 5.301135790895296 2.1018649304071766 4.0
1 6.014722351552431 5.416679483569119 2.1018649304071766 4.1
1 5.950909015108295 5.525325045337042 2.1018649304071766 4.199999999999999
1 5.888108588766447 5.63224607437849 2.1018649304071766 4.299999999999999
1 5.827333982629175 5.735718037966988 2.1018649304071766 4.399999999999999
1 5.761521132820001 5.840791851064389 2.1588649304071765 4.499999999999998
1 5.688848213358869 5.9497856434426515 2.1588649304071765 4.599999999999998
1 5.6091713294800645 6.057457496727568 2.2568649304071764 4.6999999999999975
1 5.516046800503266 6.171197648401677 2.2568649304071764 4.8
1 5.421021770935104 6.287259027660972 2.2568649304071764 4.8999999999999995
1 5.325996741366942 6.403320406920267 2.2568649304071764 4.999999999999999
1 5.231605211995901 6.518608043651167 2.2568649304071764 5.099999999999999
1 5.133701372468721 6.630896633439661 2.3188649304071762 5.199999999999998
1 5.029185757529678 6.737061820017253 2.3778649304071764 5.299999999999998
1 4.921568589583672 6.840112997416064 2.3778649304071764 5.399999999999998
1 4.8111724773510485 6.940153501543754 2.4328649304071766 5.499999999999997
1 4.697293891103033 7.037783761167261 2.4328649304071766 5.6
1 4.583415304855018 7.135414020790768 2.4328649304071766 5.699999999999999
1 4.469536718607003 7.233044280414275 2.4328649304071766 5.799999999999999
1 4.355658132358988 7.330674540037783 2.4328649304071766 5.899999999999999
1 4.241779546110973 7.42830479966129 2.4328649304071766 5.999999999999998
1 4.1279009598629575 7.525935059284797 2.4328649304071766 6.099999999999998
1 4.014022373614942 7.623565318908304 2.4328649304071766 6.1999999999999975
1 3.900143787366927 7.721195578531812 2.4328649304071766 6.299999999999997
1 3.7841425727907185 7.813046627196267 2.5108649304071764 6.3999999999999995
1 3.6716758233512956 7.906007174448257 2.3908649304071763 6.499999999999999
1 3.562728121355316 8.007650660367402 2.3908649304071763 6.599999999999999
1 3.4530492267284907 8.109976317332983 2.3908649304071763 6.699999999999998
1 3.3433703321016655 8.212301974298564 2.3908649304071763 6.799999999999998
1 3.2336914374748402 8.314627631264145 2.3908649304071763 6.899999999999998
1 3.124012542848015 8.416953288229726 2.3908649304071763 6.999999999999997
1 3.0115977234229927 8.514702172856918 2.460864930407176 7.099999999999997
1 2.8990772275967958 8.592631451868924 2.610864930407176 7.199999999999999
1 2.7702891758591264 8.656797059338011 2.747864930407176 7.299999999999999
1 2.631058068362626 8.70979742919033 2.807864930407176 7.399999999999999
1 2.48933389377862 8.758932532105476 2.807864930407176 7.499999999999998
1 2.347349273003646 8.804058636401493 2.859864930407176 7.599999999999998
1 2.203262792288707 8.845760987356607 2.859864930407176 7.6999999999999975
1 2.060136888111868 8.887185322638688 2.859864930407176 7.799999999999997
1 1.9157308457451954 8.923785748135126 2.9268649304071763 7.899999999999997
1 1.770152713060095 8.95553487857864 2.9268649304071763 7.999999999999999
1 1.6236455864955648 8.982532033326436 2.9918649304071763 8.1
1 1.4763126387518575 9.004758200543256 2.9918649304071763 8.2
1 1.3292635277061153 9.021181923567115 3.0688649304071762 8.299999999999999
1 1.1813822246941468 9.026023470639348 -3.13432037677241 8.399999999999999
1 1.1813822246941468 9.026023470639348 -3.13432037677241 8.499999999999998
1 1.1813822246941468 9.026023470639348 -3.13432037677241 8.599999999999998
1 1.1813822246941468 9.026023470639348 -3.13432037677241 8.699999999999998
1 1.1813822246941468 9.026023470639348 -3.13432037677241 8.799999999999999
1 1.1813822246941468 9.026023470639348 -3.13432037677241 8.899999999999999
1 1.1813822246941468 9.026023470639348 -3.13432037677241 8.999999999999998
1 1.1813822246941468 9.026023470639348 -3.13432037677241 9.099999999999998
1 1.1813822246941468 9.026023470639348 -3.13432037677241 9.199999999999998
1 1.1813822246941468 9.026023470639348 -3.13432037677241 9.299999999999997
1 1.1813822246941468 9.026023470639348 -3.13432037677241 9.399999999999997
2 9.0 9.0 0.40368117373433865 0.1
2 9.0 9.0 -0.9783188262656615 0.2
2 9.00649667704273 8.974340569132295 -1.6673188262656615 0.30000000000000004
2 8.976409075371144 8.854521853690619 -1.9663188262656615 0.4
2 8.911919575640013 8.745588408331152 -2.2443188262656615 0.5
2 8.814285851698944 8.63715173020101 -2.3633188262656617 0.6
2 8.704855224087451 8.536067002179283 -2.4283188262656616 0.7
2 8.59142165040417 8.437920049290058 -2.4283188262656616 0.8
2 8.477988076720889 8.339773096400833 -2.4283188262656616 0.9
2 8.364554503037608 8.241626143511608 -2.4283188262656616 1.0
2 8.251120929354327 8.143479190622383 -2.4283188262656616 1.1
2 8.137687355671046 8.045332237733158 -2.4283188262656616 1.2000000000000002
2 8.024253781987765 7.947185284843933 -2.4283188262656616 1.3000000000000003
2 7.910820208304484 7.8490383319547075 -2.4283188262656616 1.4000000000000004
2 7.797386634621203 7.750891379065482 -2.4283188262656616 1.5000000000000004
2 7.683953060937922 7.652744426176257 -2.4283188262656616 1.6
2 7.570519487254641 7.554597473287032 -2.4283188262656616 1.7000000000000002
2 7.45708591357136 7.456450520397807 -2.4283188262656616 1.8000000000000003
2 7.343652339888079 7.358303567508582 -2.4283188262656616 1.9000000000000004
2 7.230218766204798 7.260156614619357 -2.4283188262656616 2.0000000000000004
2 7.116785192521517 7.162009661730131 -2.4283188262656616 2.1000000000000005
2 7.001437645519182 7.067722111408444 -2.4843188262656617 2.2000000000000006
2 6.915382548029351 7.011307841549533 -2.6383188262656616 2.3000000000000007
2 6.821225992754393 6.964918866245034 -2.729318826265662 2.4000000000000004
2 6.720822587708073 6.925191580579272 -2.800318826265662 2.5000000000000004
2 6.616224058074355 6.888041242781829 -2.800318826265662 2.6000000000000005
2 6.507872377699746 6.8526421365613155 -2.851318826265662 2.7000000000000006
2 6.406278281150777 6.816157951124979 -2.742318826265662 2.8000000000000007
2 6.321487795641776 6.786138303753409 -2.860318826265662 2.900000000000001
2 6.220060168387586 6.752157338482322 -2.776318826265662 3.000000000000001
2 6.132251190523126 6.724920369795826 -2.905318826265662 3.100000000000001
2 6.024561280173623 6.690984670813997 -2.767318826265662 3.2
2 5.935617961157029 6.668437182672515 -3.0193188262656623 3.3000000000000003
2 5.823933815992113 6.646114492712165 -2.8693188262656624 3.4000000000000004
2 5.732031445935803 6.634073826902823 3.129866480913924 3.5000000000000004
2 5.625345649475761 6.627314385182124 -3.0033188262656623 3.6000000000000005
2 5.478963462089234 6.6145802651193755 -3.1063188262656625 3.7000000000000006
2 5.35827767927737 6.620828452298368 3.002866480913924 3.8000000000000007
2 5.2406275680875885 6.628336009144094 -3.1303188262656625 3.900000000000001
2 5.105562582267013 6.641713950821199 2.9328664809139235 4.0
2 4.988725696072076 6.657431905428302 3.0828664809139235 4.1
2 4.852753776558178 6.67954608154567 2.8778664809139234 4.199999999999999
2 4.736957613334521 6.7016630581799195 3.0278664809139233 4.299999999999999
2 4.601162456690218 6.730355044573329 2.8388664809139232 4.399999999999999
2 4.483396881073224 6.757646763193348 2.988866480913923 4.499999999999998
2 4.345354181004375 6.790292869130639 2.829866480913923 4.599999999999998
2 4.233666196218852 6.817237548934534 2.979866480913923 4.6999999999999975
2 4.105271473485674 6.828400733573181 3.1298664809139227 4.8
2 3.9676767079577693 6.819682948924054 -3.0033188262656636 4.8999999999999995
2 3.82902404394009 6.789655301579723 -2.8533188262656637 4.999999999999999
2 3.6973494378766887 6.739599840444357 -2.7033188262656638 5.099999999999999
2 3.5691786841478184 6.669866842778743 -2.5833188262656637 5.199999999999998
2 3.445623456805632 6.586642453640579 -2.5143188262656637 5.299999999999998
2 3.3249884953153805 6.4991884310558765 -2.5143188262656637 5.399999999999998
2 3.208624267352001 6.407796165585575 -2.4373188262656638 5.499999999999997
2 3.0998383115076376 6.307508367634502 -2.356318826265664 5.6
2 2.999909668177123 6.198402297642507 -2.2683188262656637 5.699999999999999
2 2.907922307628714 6.081219753752346 -2.2043188262656637 5.799999999999999
2 2.8191242016073854 5.96032766812626 -2.2043188262656637 5.899999999999999
2 2.7303260955860567 5.839435582500174 -2.2043188262656637 5.999999999999998
2 2.641527989564728 5.718543496874089 -2.2043188262656637 6.099999999999998
2 2.552729883543399 5.597651411248004 -2.2043188262656637 6.1999999999999975
2 2.4639317775220704 5.476759325621918 -2.2043188262656637 6.299999999999997
2 2.3751336715007416 5.355867239995833 -2.2043188262656637 6.3999999999999995
2 2.286335565479413 5.234975154369748 -2.2043188262656637 6.499999999999999
2 2.197537459458084 5.114083068743662 -2.2043188262656637 6.599999999999999
2 2.1126157406620645 4.991674297170375 -2.150318826265664 6.699999999999998
2 2.0310196956791686 4.867002385966812 -2.150318826265664 6.799999999999998
2 1.9528286243023278 4.740188498563684 -2.096318826265664 6.899999999999998
2 1.8967100314670093 4.62416899565495 -1.946318826265664 6.999999999999997
2 1.8570806183370254 4.496294575400329 -1.7963188262656642 7.099999999999997
2 1.817317124236342 4.354834593097092 -1.8933188262656642 7.199999999999999
2 1.7697731237678906 4.212568757354789 -1.8933188262656642 7.299999999999999
2 1.7222291232994393 4.070302921612486 -1.8933188262656642 7.399999999999999
2 1.674685122830988 3.9280370858701827 -1.8933188262656642 7.499999999999998
2 1.6271411223625367 3.7857712501278797 -1.8933188262656642 7.599999999999998
2 1.5795971218940854 3.6435054143855767 -1.8933188262656642 7.6999999999999975
2 1.532053121425634 3.5012395786432737 -1.8933188262656642 7.799999999999997
2 1.4845091209571828 3.3589737429009707 -1.8933188262656642 7.899999999999997
2 1.4372820804918545 3.2176563460636167 -1.8933188262656642 7.999999999999999
2 1.3900550400265261 3.0763389492262627 -1.8933188262656642 8.1
2 1.3467370551181086 2.9337943728802154 -1.8383188262656642 8.2
2 1.3070856234741868 2.7891300581077485 -1.8383188262656642 8.299999999999999
2 1.267434191830265 2.6444657433352816 -1.8383188262656642 8.399999999999999
2 1.2277827601863431 2.4998014285628147 -1.8383188262656642 8.499999999999998
2 1.1883956714200474 2.3561015425554976 -1.8383188262656642 8.599999999999998
2 1.153051711162603 2.2113742016055555 -1.7823188262656642 8.699999999999998
2 1.1215594047802886 2.0647173414226017 -1.7823188262656642 8.799999999999999
2 1.090067098397974 1.918060481239648 -1.7823188262656642 8.899999999999999
2 1.0587847407248752 1.772381333457914 -1.7823188262656642 8.999999999999998
2 1.034115175826218 1.62650028316458 -1.694318826265664 9.099999999999998
2 1.0156338820376334 1.4776431644906651 -1.694318826265664 9.199999999999998
2 0.997275796874306 1.3297784266079096 -1.694318826265664 9.299999999999997
2 0.9864822224936425 1.1832366330692834 -1.594318826265664 9.399999999999997
3 1.0 9.0 -1.0 0.1
3 1.080626178671444 8.88808370680489 -0.893 0.2
3 1.1782654971998152 8.778273531457245 -0.795 0.30000000000000004
3 1.2833082121059711 8.67119399071699 -0.795 0.4
3 1.388350927012127 8.564114449976735 -0.795 0.5
3 1.493393641918283 8.45703490923648 -0.795 0.6
3 1.5984363568244389 8.349955368496225 -0.795 0.7
3 1.7034790717305948 8.24287582775597 -0.795 0.8
3 1.8085217866367507 8.135796287015715 -0.795 0.9
3 1.9135645015429066 8.02871674627546 -0.795 1.0
3 2.0186072164490625 7.9216372055352045 -0.795 1.1
3 2.1236499313552186 7.814557664794949 -0.795 1.2000000000000002
3 2.2286926462613748 7.707478124054693 -0.795 1.3000000000000003
3 2.333735361167531 7.600398583314437 -0.795 1.4000000000000004
3 2.438778076073687 7.493319042574181 -0.795 1.5000000000000004
3 2.543820790979843 7.386239501833925 -0.795 1.6
3 2.648163221119958 7.279873824698605 -0.795 1.7000000000000002
3 2.7532059360261143 7.172794283958349 -0.795 1.8000000000000003
3 2.8575483661662293 7.066428606823028 -0.795 1.9000000000000004
3 2.9625910810723854 6.959349066082773 -0.795 2.0000000000000004
3 3.0669335112125005 6.852983388947452 -0.795 2.1000000000000005
3 3.1719762261186566 6.745903848207196 -0.795 2.2000000000000006
3 3.270792567860804 6.655494312442972 -0.687 2.3000000000000007
3 3.3821264779035882 6.5641665484575045 -0.687 2.4000000000000004
3 3.4903677793340733 6.475375666804967 -0.687 2.5000000000000004
3 3.599382232917633 6.385950564569198 -0.687 2.6000000000000005
3 3.706850382195043 6.297793903499893 -0.687 2.7000000000000006
3 3.781539750455601 6.228422525836797 -0.81 2.8000000000000007
3 3.872553543605232 6.1328166188199384 -0.81 2.900000000000001
3 3.937566159421624 6.050553080926465 -0.9940000000000001 3.000000000000001
3 3.979557445379149 5.9860105995391395 -0.9940000000000001 3.100000000000001
3 4.020687639258299 5.916260515580357 -1.082 3.2
3 4.051678830725546 5.8579892014417485 -1.082 3.3000000000000003
3 4.081113235382252 5.7967109392125735 -1.1640000000000001 3.4000000000000004
3 4.098918346323981 5.755383248442913 -1.1640000000000001 3.5000000000000004
3 4.1142459919602405 5.7057973668444655 -1.3780000000000001 3.6000000000000005
3 4.115773948086484 5.678923924721247 -1.6500000000000001 3.7000000000000006
3 4.115437970406411 5.598999609801548 -1.5 3.8000000000000007
3 4.111546729795087 5.577579552310195 -2.001 3.900000000000001
3 4.103555256096943 5.556035522586411 -1.851 4.0
3 4.086943634454414 5.524375622613769 -2.257 4.1
3 4.078917213300151 5.5129209581067355 -2.107 4.199999999999999
3 4.043895377937218 5.464298043368602 -2.2830000000000004 4.299999999999999
3 4.033196311522258 5.449843876727448 -2.1330000000000005 4.399999999999999
3 4.022438797825457 5.4295390800608825 -1.9830000000000005 4.499999999999998
3 3.9901543688191596 5.3652206261822375 -2.0890000000000004 4.599999999999998
3 3.9777297862283296 5.339047088885478 -1.9390000000000005 4.6999999999999975
3 3.9684897935250087 5.308441468907048 -1.7890000000000006 4.8
3 3.963356878815822 5.272843364907591 -1.6390000000000007 4.8999999999999995
3 3.9636692144347356 5.226887539151862 -1.4890000000000008 4.999999999999999
3 3.9736537448052527 5.163731898778524 -1.3390000000000009 5.099999999999999
3 4.000507097103127 5.078967184835762 -1.189000000000001 5.199999999999998
3 4.049420554968772 4.979441363643107 -1.039000000000001 5.299999999999998
3 4.128039733463932 4.866183498385926 -0.889000000000001 5.399999999999998
3 4.226304527693678 4.761082672818956 -0.749000000000001 5.499999999999997
3 4.336160048945053 4.658946663250397 -0.749000000000001 5.6
3 4.446015570196428 4.556810653681838 -0.749000000000001 5.699999999999999
3 4.555871091447803 4.454674644113279 -0.749000000000001 5.799999999999999
3 4.665726612699178 4.35253863454472 -0.749000000000001 5.899999999999999
3 4.775582133950553 4.250402624976161 -0.749000000000001 5.999999999999998
3 4.885437655201928 4.148266615407602 -0.749000000000001 6.099999999999998
3 4.995293176453303 4.046130605839043 -0.749000000000001 6.1999999999999975
3 5.105148697704678 3.943994596270484 -0.749000000000001 6.299999999999997
3 5.214271848814377 3.8425394934323824 -0.749000000000001 6.3999999999999995
3 5.326619717009696 3.75103590768719 -0.618000000000001 6.499999999999999
3 5.448060512879122 3.6647043775339467 -0.618000000000001 6.599999999999999
3 5.569501308748548 3.5783728473807033 -0.618000000000001 6.699999999999998
3 5.6909421046179745 3.49204131722746 -0.618000000000001 6.799999999999998
3 5.813197939385853 3.405130380831577 -0.618000000000001 6.899999999999998
3 5.935453774153732 3.3182194444356945 -0.618000000000001 6.999999999999997
3 6.057709608921611 3.231308508039812 -0.618000000000001 7.099999999999997
3 6.17996544368949 3.144397571643929 -0.618000000000001 7.199999999999999
3 6.302221278457369 3.0574866352480465 -0.618000000000001 7.299999999999999
3 6.424477113225247 2.970575698852164 -0.618000000000001 7.399999999999999
3 6.546732947993126 2.8836647624562812 -0.618000000000001 7.499999999999998
3 6.668988782761005 2.7967538260603986 -0.618000000000001 7.599999999999998
3 6.788130742668774 2.707304448114637 -0.670000000000001 7.6999999999999975
3 6.905703992550902 2.614156550059153 -0.670000000000001 7.799999999999997
3 7.023277242433029 2.5210086520036685 -0.670000000000001 7.899999999999997
3 7.140850492315157 2.4278607539481842 -0.670000000000001 7.999999999999999
3 7.258423742197285 2.3347128558927 -0.670000000000001 8.1
3 7.375996992079412 2.2415649578372157 -0.670000000000001 8.2
3 7.49357024196154 2.1484170597817314 -0.670000000000001 8.299999999999999
3 7.611143491843667 2.055269161726247 -0.670000000000001 8.399999999999999
3 7.728716741725795 1.962121263670763 -0.670000000000001 8.499999999999998
3 7.8462899916079225 1.868973365615279 -0.670000000000001 8.599999999999998
3 7.96386324149005 1.7758254675597949 -0.670000000000001 8.699999999999998
3 8.081436491372177 1.6826775695043108 -0.670000000000001 8.799999999999999
3 8.199009741254304 1.5895296714488267 -0.670000000000001 8.899999999999999
3 8.316582991136432 1.4963817733933427 -0.670000000000001 8.999999999999998
3 8.43415624101856 1.4032338753378586 -0.670000000000001 9.099999999999998
3 8.551729490900687 1.3100859772823745 -0.670000000000001 9.199999999999998
3 8.669302740782815 1.2169380792268905 -0.670000000000001 9.299999999999997
3 8.788797082674076 1.1279693051813917 -0.610000000000001 9.399999999999997
